# EIG2DOS: Utility for SIESTA to obtain the electronic density of states
#  E. Artacho, Apr 1999, A. Garcia, Apr 2012
# ------------------------------------------
# Eigenvalues read from 2mos2-3graphene.EIG
# Using smearing parameter:   0.100
# Using    700 points in energy range
# Selected bands: 1 to: 3262
# Emin, emax in file for selected band(s):    -23.1146400    159.7062100
# Nbands, Nspin, Nk   =   3262     1    13
# E_F                 =    -4.8808 eV --> (shifted to ZERO)
# Broadening          =     0.1000 eV
#
#        E            N(up)  (=)   N(down)         Ntot
    -10.000000      7.884262      7.884262     15.768523
     -9.971388      6.176694      6.176694     12.353388
     -9.942775      5.536334      5.536334     11.072668
     -9.914163      5.895870      5.895870     11.791740
     -9.885551      6.974640      6.974640     13.949279
     -9.856938      8.508263      8.508263     17.016526
     -9.828326     10.336661     10.336661     20.673322
     -9.799714     12.307498     12.307498     24.614996
     -9.771102     14.133139     14.133139     28.266279
     -9.742489     15.371568     15.371568     30.743136
     -9.713877     15.576165     15.576165     31.152329
     -9.685265     14.514728     14.514728     29.029456
     -9.656652     12.311993     12.311993     24.623986
     -9.628040      9.426524      9.426524     18.853048
     -9.599428      6.475183      6.475183     12.950365
     -9.570815      4.010203      4.010203      8.020407
     -9.542203      2.384722      2.384722      4.769444
     -9.513591      1.779644      1.779644      3.559289
     -9.484979      2.335924      2.335924      4.671848
     -9.456366      4.235235      4.235235      8.470471
     -9.427754      7.592561      7.592561     15.185122
     -9.399142     12.182438     12.182438     24.364876
     -9.370529     17.216244     17.216244     34.432488
     -9.341917     21.440498     21.440498     42.880996
     -9.313305     23.624518     23.624518     47.249036
     -9.284692     23.174890     23.174890     46.349780
     -9.256080     20.457572     20.457572     40.915144
     -9.227468     16.599217     16.599217     33.198435
     -9.198856     12.914856     12.914856     25.829713
     -9.170243     10.340591     10.340591     20.681183
     -9.141631      9.172084      9.172084     18.344168
     -9.113019      9.142462      9.142462     18.284923
     -9.084406      9.675951      9.675951     19.351901
     -9.055794     10.171852     10.171852     20.343703
     -9.027182     10.285510     10.285510     20.571020
     -8.998569     10.151387     10.151387     20.302774
     -8.969957     10.365216     10.365216     20.730431
     -8.941345     11.595729     11.595729     23.191458
     -8.912732     14.022263     14.022263     28.044527
     -8.884120     17.058117     17.058117     34.116233
     -8.855508     19.661542     19.661542     39.323084
     -8.826896     21.040334     21.040334     42.080669
     -8.798283     21.182453     21.182453     42.364906
     -8.769671     20.763554     20.763554     41.527109
     -8.741059     20.512403     20.512403     41.024806
     -8.712446     20.590614     20.590614     41.181227
     -8.683834     20.526585     20.526585     41.053171
     -8.655222     19.728459     19.728459     39.456919
     -8.626609     18.059118     18.059118     36.118235
     -8.597997     15.934380     15.934380     31.868760
     -8.569385     13.941462     13.941462     27.882924
     -8.540773     12.464956     12.464956     24.929912
     -8.512160     11.681675     11.681675     23.363351
     -8.483548     11.750241     11.750241     23.500483
     -8.454936     12.799305     12.799305     25.598610
     -8.426323     14.668717     14.668717     29.337434
     -8.397711     16.758670     16.758670     33.517340
     -8.369099     18.250705     18.250705     36.501409
     -8.340486     18.535103     18.535103     37.070206
     -8.311874     17.482419     17.482419     34.964838
     -8.283262     15.431895     15.431895     30.863791
     -8.254649     13.058101     13.058101     26.116203
     -8.226037     11.246370     11.246370     22.492740
     -8.197425     10.890606     10.890606     21.781213
     -8.168813     12.508835     12.508835     25.017671
     -8.140200     15.828725     15.828725     31.657449
     -8.111588     19.717555     19.717555     39.435110
     -8.082976     22.705236     22.705236     45.410472
     -8.054363     23.880086     23.880086     47.760173
     -8.025751     23.498897     23.498897     46.997793
     -7.997139     22.734118     22.734118     45.468236
     -7.968526     22.668322     22.668322     45.336645
     -7.939914     23.355917     23.355917     46.711834
     -7.911302     23.766876     23.766876     47.533752
     -7.882690     22.653243     22.653243     45.306485
     -7.854077     19.579928     19.579928     39.159857
     -7.825465     15.285610     15.285610     30.571221
     -7.796853     11.177663     11.177663     22.355326
     -7.768240      8.449068      8.449068     16.898136
     -7.739628      7.466337      7.466337     14.932674
     -7.711016      7.751758      7.751758     15.503516
     -7.682403      8.466612      8.466612     16.933224
     -7.653791      9.046495      9.046495     18.092989
     -7.625179      9.578793      9.578793     19.157585
     -7.596567     10.671142     10.671142     21.342284
     -7.567954     12.917349     12.917349     25.834698
     -7.539342     16.381194     16.381194     32.762388
     -7.510730     20.488313     20.488313     40.976625
     -7.482117     24.354477     24.354477     48.708953
     -7.453505     27.237798     27.237798     54.475596
     -7.424893     28.785799     28.785799     57.571597
     -7.396280     28.998620     28.998620     57.997239
     -7.367668     28.054646     28.054646     56.109292
     -7.339056     26.167173     26.167173     52.334346
     -7.310443     23.530192     23.530192     47.060384
     -7.281831     20.323322     20.323322     40.646643
     -7.253219     16.743695     16.743695     33.487389
     -7.224607     13.063127     13.063127     26.126253
     -7.195994      9.695390      9.695390     19.390781
     -7.167382      7.210776      7.210776     14.421553
     -7.138770      6.234185      6.234185     12.468370
     -7.110157      7.228820      7.228820     14.457641
     -7.081545     10.243604     10.243604     20.487208
     -7.052933     14.761991     14.761991     29.523982
     -7.024320     19.807448     19.807448     39.614895
     -6.995708     24.337714     24.337714     48.675428
     -6.967096     27.699463     27.699463     55.398925
     -6.938484     29.791608     29.791608     59.583215
     -6.909871     30.837906     30.837906     61.675812
     -6.881259     31.066306     31.066306     62.132613
     -6.852647     30.642977     30.642977     61.285954
     -6.824034     29.838497     29.838497     59.676993
     -6.795422     29.093226     29.093226     58.186452
     -6.766810     28.793878     28.793878     57.587756
     -6.738197     28.975235     28.975235     57.950470
     -6.709585     29.312725     29.312725     58.625451
     -6.680973     29.478414     29.478414     58.956827
     -6.652361     29.518584     29.518584     59.037168
     -6.623748     29.859690     29.859690     59.719381
     -6.595136     30.951171     30.951171     61.902342
     -6.566524     32.943846     32.943846     65.887693
     -6.537911     35.711262     35.711262     71.422525
     -6.509299     39.092555     39.092555     78.185110
     -6.480687     43.015778     43.015778     86.031556
     -6.452074     47.369758     47.369758     94.739517
     -6.423462     51.823048     51.823048    103.646096
     -6.394850     55.861220     55.861220    111.722441
     -6.366237     59.073832     59.073832    118.147663
     -6.337625     61.427497     61.427497    122.854995
     -6.309013     63.232255     63.232255    126.464509
     -6.280401     64.828695     64.828695    129.657389
     -6.251788     66.380795     66.380795    132.761589
     -6.223176     68.093453     68.093453    136.186906
     -6.194564     70.652273     70.652273    141.304545
     -6.165951     75.293787     75.293787    150.587573
     -6.137339     83.184538     83.184538    166.369076
     -6.108727     94.448113     94.448113    188.896226
     -6.080114    107.526892    107.526892    215.053785
     -6.051502    119.381739    119.381739    238.763477
     -6.022890    126.603120    126.603120    253.206240
     -5.994278    127.005820    127.005820    254.011640
     -5.965665    120.838988    120.838988    241.677975
     -5.937053    110.790540    110.790540    221.581081
     -5.908441    100.696459    100.696459    201.392918
     -5.879828     93.702184     93.702184    187.404369
     -5.851216     90.869030     90.869030    181.738061
     -5.822604     90.892944     90.892944    181.785887
     -5.793991     91.081994     91.081994    182.163989
     -5.765379     89.106598     89.106598    178.213196
     -5.736767     84.433809     84.433809    168.867619
     -5.708155     78.414460     78.414460    156.828921
     -5.679542     73.027663     73.027663    146.055326
     -5.650930     69.421161     69.421161    138.842323
     -5.622318     67.408588     67.408588    134.817176
     -5.593705     66.043175     66.043175    132.086350
     -5.565093     64.473418     64.473418    128.946836
     -5.536481     62.318667     62.318667    124.637334
     -5.507868     59.501746     59.501746    119.003493
     -5.479256     56.030775     56.030775    112.061549
     -5.450644     52.104006     52.104006    104.208013
     -5.422031     48.325665     48.325665     96.651330
     -5.393419     45.537855     45.537855     91.075710
     -5.364807     44.229275     44.229275     88.458550
     -5.336195     44.109628     44.109628     88.219257
     -5.307582     44.359762     44.359762     88.719524
     -5.278970     44.335963     44.335963     88.671925
     -5.250358     44.051280     44.051280     88.102560
     -5.221745     44.067923     44.067923     88.135845
     -5.193133     45.005172     45.005172     90.010345
     -5.164521     47.082639     47.082639     94.165277
     -5.135908     49.993909     49.993909     99.987817
     -5.107296     53.181938     53.181938    106.363877
     -5.078684     56.310319     56.310319    112.620638
     -5.050072     59.533381     59.533381    119.066762
     -5.021459     63.343563     63.343563    126.687126
     -4.992847     68.200213     68.200213    136.400425
     -4.964235     74.306622     74.306622    148.613244
     -4.935622     81.633704     81.633704    163.267408
     -4.907010     89.993756     89.993756    179.987513
     -4.878398     98.983529     98.983529    197.967058
     -4.849785    107.814256    107.814256    215.628512
     -4.821173    115.190157    115.190157    230.380314
     -4.792561    119.456915    119.456915    238.913831
     -4.763948    119.170912    119.170912    238.341824
     -4.735336    113.890873    113.890873    227.781747
     -4.706724    104.585625    104.585625    209.171250
     -4.678112     93.195298     93.195298    186.390595
     -4.649499     81.646858     81.646858    163.293717
     -4.620887     71.140702     71.140702    142.281403
     -4.592275     62.132766     62.132766    124.265531
     -4.563662     54.689085     54.689085    109.378170
     -4.535050     48.744750     48.744750     97.489501
     -4.506438     44.236878     44.236878     88.473756
     -4.477825     41.289776     41.289776     82.579552
     -4.449213     40.346178     40.346178     80.692357
     -4.420601     41.966821     41.966821     83.933643
     -4.391989     46.359661     46.359661     92.719321
     -4.363376     53.093665     53.093665    106.187330
     -4.334764     61.316921     61.316921    122.633841
     -4.306152     70.266906     70.266906    140.533811
     -4.277539     79.551548     79.551548    159.103095
     -4.248927     88.927175     88.927175    177.854350
     -4.220315     97.843134     97.843134    195.686269
     -4.191702    105.293672    105.293672    210.587344
     -4.163090    110.191131    110.191131    220.382262
     -4.134478    111.893938    111.893938    223.787875
     -4.105866    110.392597    110.392597    220.785195
     -4.077253    106.115046    106.115046    212.230093
     -4.048641     99.703535     99.703535    199.407070
     -4.020029     91.959416     91.959416    183.918831
     -3.991416     83.802293     83.802293    167.604586
     -3.962804     76.072765     76.072765    152.145530
     -3.934192     69.267594     69.267594    138.535188
     -3.905579     63.444954     63.444954    126.889908
     -3.876967     58.425633     58.425633    116.851267
     -3.848355     54.181313     54.181313    108.362626
     -3.819742     51.123764     51.123764    102.247528
     -3.791130     50.009099     50.009099    100.018198
     -3.762518     51.412916     51.412916    102.825832
     -3.733906     55.123113     55.123113    110.246225
     -3.705293     59.986589     59.986589    119.973177
     -3.676681     64.411428     64.411428    128.822857
     -3.648069     67.109694     67.109694    134.219388
     -3.619456     67.473772     67.473772    134.947543
     -3.590844     65.462093     65.462093    130.924185
     -3.562232     61.387531     61.387531    122.775062
     -3.533619     55.904871     55.904871    111.809743
     -3.505007     50.044330     50.044330    100.088659
     -3.476395     45.022065     45.022065     90.044130
     -3.447783     41.849058     41.849058     83.698116
     -3.419170     40.983203     40.983203     81.966406
     -3.390558     42.222744     42.222744     84.445487
     -3.361946     44.904550     44.904550     89.809100
     -3.333333     48.322747     48.322747     96.645493
     -3.304721     52.092449     52.092449    104.184898
     -3.276109     56.155858     56.155858    112.311717
     -3.247496     60.450284     60.450284    120.900567
     -3.218884     64.619181     64.619181    129.238362
     -3.190272     68.071403     68.071403    136.142807
     -3.161660     70.271013     70.271013    140.542025
     -3.133047     70.927286     70.927286    141.854573
     -3.104435     69.977983     69.977983    139.955966
     -3.075823     67.554159     67.554159    135.108318
     -3.047210     64.091764     64.091764    128.183527
     -3.018598     60.480592     60.480592    120.961184
     -2.989986     57.966163     57.966163    115.932327
     -2.961373     57.655651     57.655651    115.311302
     -2.932761     59.843320     59.843320    119.686640
     -2.904149     63.677772     63.677772    127.355543
     -2.875536     67.595819     67.595819    135.191637
     -2.846924     70.344867     70.344867    140.689735
     -2.818312     71.778456     71.778456    143.556911
     -2.789700     72.685167     72.685167    145.370333
     -2.761087     73.801072     73.801072    147.602144
     -2.732475     74.968909     74.968909    149.937818
     -2.703863     75.226727     75.226727    150.453454
     -2.675250     73.644935     73.644935    147.289870
     -2.646638     70.073330     70.073330    140.146659
     -2.618026     65.228539     65.228539    130.457078
     -2.589413     60.254649     60.254649    120.509298
     -2.560801     56.212724     56.212724    112.425448
     -2.532189     53.754801     53.754801    107.509603
     -2.503577     52.974775     52.974775    105.949550
     -2.474964     53.415220     53.415220    106.830439
     -2.446352     54.292682     54.292682    108.585364
     -2.417740     54.919219     54.919219    109.838439
     -2.389127     55.075363     55.075363    110.150727
     -2.360515     55.035498     55.035498    110.070995
     -2.331903     55.223328     55.223328    110.446655
     -2.303290     55.799128     55.799128    111.598256
     -2.274678     56.477944     56.477944    112.955887
     -2.246066     56.636971     56.636971    113.273941
     -2.217454     55.629999     55.629999    111.259998
     -2.188841     53.197581     53.197581    106.395162
     -2.160229     49.776145     49.776145     99.552289
     -2.131617     46.481688     46.481688     92.963375
     -2.103004     44.731222     44.731222     89.462444
     -2.074392     45.694613     45.694613     91.389226
     -2.045780     49.828725     49.828725     99.657450
     -2.017167     56.672804     56.672804    113.345608
     -1.988555     64.960441     64.960441    129.920882
     -1.959943     72.973043     72.973043    145.946087
     -1.931330     79.023047     79.023047    158.046094
     -1.902718     81.979176     81.979176    163.958353
     -1.874106     81.657223     81.657223    163.314447
     -1.845494     78.814357     78.814357    157.628714
     -1.816881     74.712475     74.712475    149.424950
     -1.788269     70.582135     70.582135    141.164269
     -1.759657     67.304392     67.304392    134.608784
     -1.731044     65.277337     65.277337    130.554673
     -1.702432     64.322935     64.322935    128.645870
     -1.673820     63.734567     63.734567    127.469135
     -1.645207     62.644431     62.644431    125.288862
     -1.616595     60.549474     60.549474    121.098949
     -1.587983     57.536856     57.536856    115.073712
     -1.559371     53.994693     53.994693    107.989385
     -1.530758     50.154325     50.154325    100.308650
     -1.502146     45.978259     45.978259     91.956518
     -1.473534     41.459612     41.459612     82.919224
     -1.444921     36.922655     36.922655     73.845311
     -1.416309     32.972739     32.972739     65.945477
     -1.387697     30.146374     30.146374     60.292748
     -1.359084     28.554146     28.554146     57.108291
     -1.330472     27.774656     27.774656     55.549311
     -1.301860     27.099048     27.099048     54.198097
     -1.273247     25.991950     25.991950     51.983901
     -1.244635     24.413152     24.413152     48.826304
     -1.216023     22.704804     22.704804     45.409607
     -1.187411     21.158688     21.158688     42.317375
     -1.158798     19.713754     19.713754     39.427507
     -1.130186     18.065101     18.065101     36.130201
     -1.101574     15.997362     15.997362     31.994724
     -1.072961     13.581627     13.581627     27.163253
     -1.044349     11.135189     11.135189     22.270379
     -1.015737      9.088790      9.088790     18.177579
     -0.987124      7.846138      7.846138     15.692276
     -0.958512      7.601929      7.601929     15.203858
     -0.929900      8.169013      8.169013     16.338026
     -0.901288      8.989947      8.989947     17.979894
     -0.872675      9.408692      9.408692     18.817385
     -0.844063      9.032876      9.032876     18.065753
     -0.815451      7.921599      7.921599     15.843198
     -0.786838      6.492323      6.492323     12.984645
     -0.758226      5.261298      5.261298     10.522596
     -0.729614      4.596217      4.596217      9.192435
     -0.701001      4.574043      4.574043      9.148087
     -0.672389      4.962563      4.962563      9.925127
     -0.643777      5.338716      5.338716     10.677432
     -0.615165      5.321338      5.321338     10.642676
     -0.586552      4.792068      4.792068      9.584135
     -0.557940      3.938587      3.938587      7.877174
     -0.529328      3.085555      3.085555      6.171109
     -0.500715      2.465942      2.465942      4.931885
     -0.472103      2.120332      2.120332      4.240665
     -0.443491      1.961796      1.961796      3.923593
     -0.414878      1.889118      1.889118      3.778236
     -0.386266      1.834117      1.834117      3.668233
     -0.357654      1.748167      1.748167      3.496334
     -0.329041      1.601014      1.601014      3.202029
     -0.300429      1.411434      1.411434      2.822868
     -0.271817      1.254627      1.254627      2.509253
     -0.243205      1.207298      1.207298      2.414595
     -0.214592      1.271866      1.271866      2.543732
     -0.185980      1.357657      1.357657      2.715314
     -0.157368      1.344552      1.344552      2.689105
     -0.128755      1.173189      1.173189      2.346378
     -0.100143      0.882356      0.882356      1.764711
     -0.071531      0.570160      0.570160      1.140320
     -0.042918      0.326785      0.326785      0.653571
     -0.014306      0.198957      0.198957      0.397915
      0.014306      0.199462      0.199462      0.398924
      0.042918      0.329676      0.329676      0.659352
      0.071531      0.582003      0.582003      1.164005
      0.100143      0.923758      0.923758      1.847517
      0.128755      1.296774      1.296774      2.593549
      0.157368      1.659517      1.659517      3.319033
      0.185980      2.044807      2.044807      4.089614
      0.214592      2.562129      2.562129      5.124259
      0.243205      3.312860      3.312860      6.625720
      0.271817      4.291165      4.291165      8.582330
      0.300429      5.383656      5.383656     10.767312
      0.329041      6.476603      6.476603     12.953205
      0.357654      7.543259      7.543259     15.086519
      0.386266      8.604991      8.604991     17.209982
      0.414878      9.632927      9.632927     19.265854
      0.443491     10.551076     10.551076     21.102153
      0.472103     11.372950     11.372950     22.745901
      0.500715     12.318705     12.318705     24.637409
      0.529328     13.780923     13.780923     27.561846
      0.557940     16.215128     16.215128     32.430256
      0.586552     20.126858     20.126858     40.253717
      0.615165     26.140659     26.140659     52.281318
      0.643777     34.896779     34.896779     69.793558
      0.672389     46.598404     46.598404     93.196807
      0.701001     60.442124     60.442124    120.884248
      0.729614     74.461474     74.461474    148.922948
      0.758226     86.076896     86.076896    172.153791
      0.786838     93.054132     93.054132    186.108263
      0.815451     94.279680     94.279680    188.559361
      0.844063     90.054275     90.054275    180.108549
      0.872675     82.004459     82.004459    164.008918
      0.901288     72.715816     72.715816    145.431632
      0.929900     65.022822     65.022822    130.045644
      0.958512     61.041047     61.041047    122.082095
      0.987124     61.415494     61.415494    122.830988
      1.015737     65.335723     65.335723    130.671447
      1.044349     71.362719     71.362719    142.725437
      1.072961     78.402106     78.402106    156.804211
      1.101574     85.983140     85.983140    171.966281
      1.130186     93.699327     93.699327    187.398653
      1.158798    100.568892    100.568892    201.137784
      1.187411    105.112054    105.112054    210.224108
      1.216023    106.084745    106.084745    212.169490
      1.244635    103.191326    103.191326    206.382651
      1.273247     97.341873     97.341873    194.683745
      1.301860     90.427342     90.427342    180.854684
      1.330472     84.592868     84.592868    169.185736
      1.359084     81.128623     81.128623    162.257245
      1.387697     79.686854     79.686854    159.373708
      1.416309     78.679432     78.679432    157.358865
      1.444921     76.722088     76.722088    153.444176
      1.473534     73.829190     73.829190    147.658379
      1.502146     71.213616     71.213616    142.427231
      1.530758     69.949723     69.949723    139.899445
      1.559371     69.841740     69.841740    139.683481
      1.587983     69.504892     69.504892    139.009785
      1.616595     67.459476     67.459476    134.918951
      1.645207     63.251288     63.251288    126.502576
      1.673820     57.803038     57.803038    115.606076
      1.702432     52.906014     52.906014    105.812028
      1.731044     50.290551     50.290551    100.581102
      1.759657     50.814911     50.814911    101.629823
      1.788269     54.122369     54.122369    108.244739
      1.816881     58.836272     58.836272    117.672543
      1.845494     63.132292     63.132292    126.264584
      1.874106     65.440106     65.440106    130.880211
      1.902718     65.056291     65.056291    130.112582
      1.931330     62.447850     62.447850    124.895700
      1.959943     59.004934     59.004934    118.009868
      1.988555     56.232680     56.232680    112.465359
      2.017167     54.862246     54.862246    109.724492
      2.045780     54.545689     54.545689    109.091377
      2.074392     54.296154     54.296154    108.592307
      2.103004     53.180250     53.180250    106.360499
      2.131617     50.732351     50.732351    101.464702
      2.160229     47.029200     47.029200     94.058399
      2.188841     42.627534     42.627534     85.255069
      2.217454     38.428580     38.428580     76.857159
      2.246066     35.404575     35.404575     70.809150
      2.274678     34.225848     34.225848     68.451695
      2.303290     34.953102     34.953102     69.906204
      2.331903     36.951831     36.951831     73.903663
      2.360515     39.122966     39.122966     78.245932
      2.389127     40.438197     40.438197     80.876394
      2.417740     40.530233     40.530233     81.060466
      2.446352     39.886509     39.886509     79.773019
      2.474964     39.407652     39.407652     78.815304
      2.503577     39.667875     39.667875     79.335751
      2.532189     40.520742     40.520742     81.041485
      2.560801     41.340460     41.340460     82.680919
      2.589413     41.592941     41.592941     83.185882
      2.618026     41.226804     41.226804     82.453608
      2.646638     40.654805     40.654805     81.309610
      2.675250     40.485609     40.485609     80.971218
      2.703863     41.294634     41.294634     82.589267
      2.732475     43.512824     43.512824     87.025647
      2.761087     47.261647     47.261647     94.523295
      2.789700     52.067960     52.067960    104.135921
      2.818312     56.764074     56.764074    113.528149
      2.846924     59.918703     59.918703    119.837406
      2.875536     60.617782     60.617782    121.235563
      2.904149     58.950001     58.950001    117.900001
      2.932761     55.805405     55.805405    111.610811
      2.961373     52.259491     52.259491    104.518981
      2.989986     49.071501     49.071501     98.143001
      3.018598     46.517725     46.517725     93.035450
      3.047210     44.466899     44.466899     88.933798
      3.075823     42.594256     42.594256     85.188511
      3.104435     40.663375     40.663375     81.326749
      3.133047     38.705895     38.705895     77.411789
      3.161660     36.933098     36.933098     73.866196
      3.190272     35.455734     35.455734     70.911468
      3.218884     34.087826     34.087826     68.175651
      3.247496     32.413397     32.413397     64.826793
      3.276109     30.050804     30.050804     60.101609
      3.304721     26.919054     26.919054     53.838107
      3.333333     23.331147     23.331147     46.662295
      3.361946     19.839186     19.839186     39.678372
      3.390558     16.914711     16.914711     33.829422
      3.419170     14.696995     14.696995     29.393989
      3.447783     13.015162     13.015162     26.030323
      3.476395     11.640212     11.640212     23.280425
      3.505007     10.492423     10.492423     20.984846
      3.533619      9.607361      9.607361     19.214722
      3.562232      8.967005      8.967005     17.934010
      3.590844      8.436194      8.436194     16.872388
      3.619456      7.860353      7.860353     15.720707
      3.648069      7.181555      7.181555     14.363109
      3.676681      6.472290      6.472290     12.944580
      3.705293      5.914772      5.914772     11.829545
      3.733906      5.749694      5.749694     11.499387
      3.762518      6.166668      6.166668     12.333336
      3.791130      7.162741      7.162741     14.325483
      3.819742      8.476560      8.476560     16.953119
      3.848355      9.673314      9.673314     19.346628
      3.876967     10.348381     10.348381     20.696763
      3.905579     10.345578     10.345578     20.691156
      3.934192      9.866646      9.866646     19.733292
      3.962804      9.376727      9.376727     18.753455
      3.991416      9.320616      9.320616     18.641232
      4.020029      9.820505      9.820505     19.641011
      4.048641     10.584123     10.584123     21.168246
      4.077253     11.119155     11.119155     22.238309
      4.105866     11.108122     11.108122     22.216244
      4.134478     10.650537     10.650537     21.301075
      4.163090     10.176767     10.176767     20.353534
      4.191702     10.110531     10.110531     20.221062
      4.220315     10.550218     10.550218     21.100436
      4.248927     11.190969     11.190969     22.381937
      4.277539     11.513060     11.513060     23.026119
      4.306152     11.099899     11.099899     22.199798
      4.334764      9.892586      9.892586     19.785171
      4.363376      8.226322      8.226322     16.452643
      4.391989      6.623838      6.623838     13.247677
      4.420601      5.496256      5.496256     10.992513
      4.449213      4.972958      4.972958      9.945916
      4.477825      4.947015      4.947015      9.894030
      4.506438      5.220336      5.220336     10.440673
      4.535050      5.601982      5.601982     11.203964
      4.563662      5.950767      5.950767     11.901534
      4.592275      6.225505      6.225505     12.451011
      4.620887      6.524655      6.524655     13.049311
      4.649499      7.032693      7.032693     14.065386
      4.678112      7.864632      7.864632     15.729263
      4.706724      8.916418      8.916418     17.832836
      4.735336      9.858285      9.858285     19.716571
      4.763948     10.321461     10.321461     20.642922
      4.792561     10.164004     10.164004     20.328007
      4.821173      9.586621      9.586621     19.173241
      4.849785      8.972705      8.972705     17.945409
      4.878398      8.601575      8.601575     17.203151
      4.907010      8.512458      8.512458     17.024915
      4.935622      8.598468      8.598468     17.196937
      4.964235      8.748161      8.748161     17.496323
      4.992847      8.878530      8.878530     17.757059
      5.021459      8.926627      8.926627     17.853254
      5.050072      8.909908      8.909908     17.819817
      5.078684      8.979476      8.979476     17.958951
      5.107296      9.316605      9.316605     18.633209
      5.135908      9.919372      9.919372     19.838745
      5.164521     10.519041     10.519041     21.038082
      5.193133     10.771241     10.771241     21.542481
      5.221745     10.578578     10.578578     21.157157
      5.250358     10.243891     10.243891     20.487782
      5.278970     10.298151     10.298151     20.596302
      5.307582     11.143122     11.143122     22.286244
      5.336195     12.797618     12.797618     25.595235
      5.364807     14.913508     14.913508     29.827016
      5.393419     16.992795     16.992795     33.985590
      5.422031     18.614873     18.614873     37.229747
      5.450644     19.534004     19.534004     39.068009
      5.479256     19.646436     19.646436     39.292872
      5.507868     18.944766     18.944766     37.889531
      5.536481     17.580506     17.580506     35.161013
      5.565093     16.014482     16.014482     32.028964
      5.593705     15.062940     15.062940     30.125879
      5.622318     15.639410     15.639410     31.278820
      5.650930     18.219554     18.219554     36.439107
      5.679542     22.366579     22.366579     44.733158
      5.708155     26.760809     26.760809     53.521618
      5.736767     29.874510     29.874510     59.749021
      5.765379     30.878982     30.878982     61.757965
      5.793991     30.089125     30.089125     60.178251
      5.822604     28.608478     28.608478     57.216955
      5.851216     27.533030     27.533030     55.066060
      5.879828     27.406926     27.406926     54.813852
      5.908441     28.285076     28.285076     56.570153
      5.937053     30.137556     30.137556     60.275112
      5.965665     33.063237     33.063237     66.126474
      5.994278     37.078317     37.078317     74.156633
      6.022890     41.736133     41.736133     83.472266
      6.051502     46.027957     46.027957     92.055915
      6.080114     48.777994     48.777994     97.555988
      6.108727     49.297885     49.297885     98.595770
      6.137339     47.779947     47.779947     95.559894
      6.165951     45.100152     45.100152     90.200304
      6.194564     42.249096     42.249096     84.498191
      6.223176     39.919143     39.919143     79.838286
      6.251788     38.502771     38.502771     77.005542
      6.280401     38.278229     38.278229     76.556459
      6.309013     39.430126     39.430126     78.860251
      6.337625     41.834335     41.834335     83.668670
      6.366237     44.868348     44.868348     89.736697
      6.394850     47.549769     47.549769     95.099538
      6.423462     49.010063     49.010063     98.020127
      6.452074     48.961094     48.961094     97.922189
      6.480687     47.778638     47.778638     95.557275
      6.509299     46.164518     46.164518     92.329036
      6.537911     44.703489     44.703489     89.406977
      6.566524     43.650703     43.650703     87.301406
      6.595136     43.018926     43.018926     86.037851
      6.623748     42.782744     42.782744     85.565488
      6.652361     42.959791     42.959791     85.919582
      6.680973     43.482109     43.482109     86.964218
      6.709585     44.044144     44.044144     88.088287
      6.738197     44.218060     44.218060     88.436121
      6.766810     43.824319     43.824319     87.648639
      6.795422     43.150419     43.150419     86.300839
      6.824034     42.711906     42.711906     85.423812
      6.852647     42.797142     42.797142     85.594283
      6.881259     43.300290     43.300290     86.600581
      6.909871     43.965761     43.965761     87.931523
      6.938484     44.688598     44.688598     89.377196
      6.967096     45.568973     45.568973     91.137945
      6.995708     46.810740     46.810740     93.621480
      7.024320     48.664894     48.664894     97.329788
      7.052933     51.395242     51.395242    102.790484
      7.081545     55.154380     55.154380    110.308760
      7.110157     59.841939     59.841939    119.683877
      7.138770     65.122662     65.122662    130.245324
      7.167382     70.597857     70.597857    141.195715
      7.195994     75.901193     75.901193    151.802387
      7.224607     80.587905     80.587905    161.175810
      7.253219     84.032161     84.032161    168.064323
      7.281831     85.619756     85.619756    171.239511
      7.310443     85.125213     85.125213    170.250426
      7.339056     82.878464     82.878464    165.756927
      7.367668     79.616926     79.616926    159.233851
      7.396280     76.268914     76.268914    152.537828
      7.424893     73.748239     73.748239    147.496479
      7.453505     72.605986     72.605986    145.211971
      7.482117     72.662412     72.662412    145.324824
      7.510730     73.046188     73.046188    146.092376
      7.539342     72.734902     72.734902    145.469805
      7.567954     71.147630     71.147630    142.295260
      7.596567     68.354474     68.354474    136.708948
      7.625179     64.893694     64.893694    129.787389
      7.653791     61.429349     61.429349    122.858698
      7.682403     58.459009     58.459009    116.918017
      7.711016     56.203624     56.203624    112.407248
      7.739628     54.696321     54.696321    109.392643
      7.768240     53.942219     53.942219    107.884438
      7.796853     53.989792     53.989792    107.979584
      7.825465     54.870414     54.870414    109.740827
      7.854077     56.496946     56.496946    112.993893
      7.882690     58.642736     58.642736    117.285472
      7.911302     61.022305     61.022305    122.044610
      7.939914     63.366357     63.366357    126.732714
      7.968526     65.402787     65.402787    130.805574
      7.997139     66.838634     66.838634    133.677268
      8.025751     67.522323     67.522323    135.044647
      8.054363     67.726136     67.726136    135.452273
      8.082976     68.169552     68.169552    136.339104
      8.111588     69.522923     69.522923    139.045845
      8.140200     71.709708     71.709708    143.419417
      8.168813     73.688410     73.688410    147.376819
      8.197425     74.024486     74.024486    148.048972
      8.226037     71.827729     71.827729    143.655458
      8.254649     67.331433     67.331433    134.662866
      8.283262     61.765287     61.765287    123.530575
      8.311874     56.713164     56.713164    113.426329
      8.340486     53.358048     53.358048    106.716096
      8.369099     51.968648     51.968648    103.937296
      8.397711     51.891102     51.891102    103.782204
      8.426323     52.079296     52.079296    104.158592
      8.454936     51.804063     51.804063    103.608126
      8.483548     51.030353     51.030353    102.060705
      8.512160     50.304415     50.304415    100.608830
      8.540773     50.412760     50.412760    100.825520
      8.569385     52.031005     52.031005    104.062011
      8.597997     55.317597     55.317597    110.635194
      8.626609     59.526392     59.526392    119.052784
      8.655222     63.071203     63.071203    126.142406
      8.683834     64.326668     64.326668    128.653335
      8.712446     62.714407     62.714407    125.428814
      8.741059     59.180933     59.180933    118.361865
      8.769671     55.634495     55.634495    111.268991
      8.798283     53.790210     53.790210    107.580420
      8.826896     54.296369     54.296369    108.592738
      8.855508     56.690508     56.690508    113.381016
      8.884120     60.036897     60.036897    120.073794
      8.912732     63.605043     63.605043    127.210087
      8.941345     67.058676     67.058676    134.117351
      8.969957     70.223673     70.223673    140.447347
      8.998569     72.938276     72.938276    145.876552
      9.027182     75.248026     75.248026    150.496052
      9.055794     77.621514     77.621514    155.243028
      9.084406     80.724055     80.724055    161.448110
      9.113019     84.798392     84.798392    169.596785
      9.141631     89.218957     89.218957    178.437914
      9.170243     92.684244     92.684244    185.368487
      9.198856     93.952262     93.952262    187.904523
      9.227468     92.622424     92.622424    185.244849
      9.256080     89.485677     89.485677    178.971353
      9.284692     86.216364     86.216364    172.432728
      9.313305     84.510295     84.510295    169.020591
      9.341917     85.128581     85.128581    170.257162
      9.370529     87.455932     87.455932    174.911863
      9.399142     89.893329     89.893329    179.786659
      9.427754     90.837547     90.837547    181.675094
      9.456366     89.589342     89.589342    179.178685
      9.484979     86.578343     86.578343    173.156686
      9.513591     82.788742     82.788742    165.577484
      9.542203     78.902483     78.902483    157.804965
      9.570815     74.923871     74.923871    149.847741
      9.599428     70.589210     70.589210    141.178420
      9.628040     66.047978     66.047978    132.095956
      9.656652     61.992918     61.992918    123.985837
      9.685265     59.061760     59.061760    118.123520
      9.713877     57.249025     57.249025    114.498050
      9.742489     56.099182     56.099182    112.198365
      9.771102     55.483439     55.483439    110.966879
      9.799714     55.991115     55.991115    111.982230
      9.828326     58.368746     58.368746    116.737492
      9.856938     62.518026     62.518026    125.036052
      9.885551     67.082772     67.082772    134.165544
      9.914163     70.136482     70.136482    140.272964
      9.942775     70.506159     70.506159    141.012319
      9.971388     68.695839     68.695839    137.391678
     10.000000     66.647850     66.647850    133.295701
