# EIG2DOS: Utility for SIESTA to obtain the electronic density of states
#  E. Artacho, Apr 1999, A. Garcia, Apr 2012
# ------------------------------------------
# Eigenvalues read from 2mos2-3graphene.EIG
# Using smearing parameter:   0.100
# Using    700 points in energy range
# Selected bands: 1 to: 3262
# Emin, emax in file for selected band(s):    -23.0231400    159.8813700
# Nbands, Nspin, Nk   =   3262     1    13
# E_F                 =    -4.7994 eV --> (shifted to ZERO)
# Broadening          =     0.1000 eV
#
#        E            N(up)  (=)   N(down)         Ntot
    -10.000000      9.336979      9.336979     18.673959
     -9.971388      9.258081      9.258081     18.516161
     -9.942775      9.348857      9.348857     18.697713
     -9.914163      9.687140      9.687140     19.374280
     -9.885551     10.299304     10.299304     20.598608
     -9.856938     11.051916     11.051916     22.103833
     -9.828326     11.682135     11.682135     23.364271
     -9.799714     11.968934     11.968934     23.937869
     -9.771102     11.882787     11.882787     23.765574
     -9.742489     11.558988     11.558988     23.117975
     -9.713877     11.132031     11.132031     22.264063
     -9.685265     10.616614     10.616614     21.233228
     -9.656652      9.947246      9.947246     19.894492
     -9.628040      9.107272      9.107272     18.214544
     -9.599428      8.209571      8.209571     16.419143
     -9.570815      7.466942      7.466942     14.933883
     -9.542203      7.091126      7.091126     14.182252
     -9.513591      7.204026      7.204026     14.408051
     -9.484979      7.816083      7.816083     15.632166
     -9.456366      8.852160      8.852160     17.704320
     -9.427754     10.169188     10.169188     20.338377
     -9.399142     11.560146     11.560146     23.120292
     -9.370529     12.788849     12.788849     25.577699
     -9.341917     13.659598     13.659598     27.319196
     -9.313305     14.063558     14.063558     28.127116
     -9.284692     13.972696     13.972696     27.945392
     -9.256080     13.430988     13.430988     26.861975
     -9.227468     12.592979     12.592979     25.185958
     -9.198856     11.768514     11.768514     23.537027
     -9.170243     11.366089     11.366089     22.732178
     -9.141631     11.684671     11.684671     23.369341
     -9.113019     12.665227     12.665227     25.330454
     -9.084406     13.832568     13.832568     27.665136
     -9.055794     14.560380     14.560380     29.120759
     -9.027182     14.498726     14.498726     28.997453
     -8.998569     13.810034     13.810034     27.620068
     -8.969957     13.014873     13.014873     26.029746
     -8.941345     12.606762     12.606762     25.213524
     -8.912732     12.778106     12.778106     25.556211
     -8.884120     13.440123     13.440123     26.880246
     -8.855508     14.409632     14.409632     28.819264
     -8.826896     15.509101     15.509101     31.018201
     -8.798283     16.517878     16.517878     33.035756
     -8.769671     17.164759     17.164759     34.329518
     -8.741059     17.302330     17.302330     34.604660
     -8.712446     17.103619     17.103619     34.207238
     -8.683834     16.994586     16.994586     33.989173
     -8.655222     17.285826     17.285826     34.571652
     -8.626609     17.828312     17.828312     35.656625
     -8.597997     18.083758     18.083758     36.167517
     -8.569385     17.627400     17.627400     35.254799
     -8.540773     16.613287     16.613287     33.226574
     -8.512160     15.696327     15.696327     31.392654
     -8.483548     15.455438     15.455438     30.910876
     -8.454936     15.900901     15.900901     31.801801
     -8.426323     16.542717     16.542717     33.085434
     -8.397711     16.878199     16.878199     33.756398
     -8.369099     16.747023     16.747023     33.494046
     -8.340486     16.246468     16.246468     32.492936
     -8.311874     15.461424     15.461424     30.922847
     -8.283262     14.431515     14.431515     28.863030
     -8.254649     13.370428     13.370428     26.740856
     -8.226037     12.758493     12.758493     25.516986
     -8.197425     13.075661     13.075661     26.151322
     -8.168813     14.399333     14.399333     28.798667
     -8.140200     16.280921     16.280921     32.561843
     -8.111588     18.045779     18.045779     36.091557
     -8.082976     19.240706     19.240706     38.481412
     -8.054363     19.819728     19.819728     39.639456
     -8.025751     19.962083     19.962083     39.924165
     -7.997139     19.815146     19.815146     39.630291
     -7.968526     19.468860     19.468860     38.937721
     -7.939914     19.100224     19.100224     38.200447
     -7.911302     18.972957     18.972957     37.945914
     -7.882690     19.174314     19.174314     38.348628
     -7.854077     19.375674     19.375674     38.751349
     -7.825465     18.990699     18.990699     37.981399
     -7.796853     17.694807     17.694807     35.389613
     -7.768240     15.808597     15.808597     31.617195
     -7.739628     14.119398     14.119398     28.238795
     -7.711016     13.280892     13.280892     26.561785
     -7.682403     13.346037     13.346037     26.692075
     -7.653791     13.820938     13.820938     27.641876
     -7.625179     14.128193     14.128193     28.256386
     -7.596567     14.058656     14.058656     28.117312
     -7.567954     13.882937     13.882937     27.765874
     -7.539342     14.105429     14.105429     28.210858
     -7.510730     15.081962     15.081962     30.163924
     -7.482117     16.758154     16.758154     33.516307
     -7.453505     18.678586     18.678586     37.357173
     -7.424893     20.252493     20.252493     40.504986
     -7.396280     21.094698     21.094698     42.189395
     -7.367668     21.199851     21.199851     42.399703
     -7.339056     20.842743     20.842743     41.685486
     -7.310443     20.322263     20.322263     40.644525
     -7.281831     19.768281     19.768281     39.536562
     -7.253219     19.136462     19.136462     38.272924
     -7.224607     18.341805     18.341805     36.683609
     -7.195994     17.392204     17.392204     34.784408
     -7.167382     16.436675     16.436675     32.873350
     -7.138770     15.732406     15.732406     31.464812
     -7.110157     15.550725     15.550725     31.101451
     -7.081545     16.044718     16.044718     32.089437
     -7.052933     17.162209     17.162209     34.324418
     -7.024320     18.695078     18.695078     37.390156
     -6.995708     20.425431     20.425431     40.850862
     -6.967096     22.227616     22.227616     44.455231
     -6.938484     24.072562     24.072562     48.145124
     -6.909871     26.018260     26.018260     52.036520
     -6.881259     28.238816     28.238816     56.477632
     -6.852647     31.004475     31.004475     62.008950
     -6.824034     34.513425     34.513425     69.026851
     -6.795422     38.643047     38.643047     77.286095
     -6.766810     42.843201     42.843201     85.686402
     -6.738197     46.354476     46.354476     92.708952
     -6.709585     48.680116     48.680116     97.360233
     -6.680973     49.945519     49.945519     99.891038
     -6.652361     50.775690     50.775690    101.551381
     -6.623748     51.758381     51.758381    103.516762
     -6.595136     53.027148     53.027148    106.054296
     -6.566524     54.394746     54.394746    108.789493
     -6.537911     55.847036     55.847036    111.694072
     -6.509299     57.799869     57.799869    115.599738
     -6.480687     60.810712     60.810712    121.621425
     -6.452074     65.075410     65.075410    130.150820
     -6.423462     70.276581     70.276581    140.553162
     -6.394850     75.903460     75.903460    151.806920
     -6.366237     81.592078     81.592078    163.184156
     -6.337625     87.078410     87.078410    174.156820
     -6.309013     91.934384     91.934384    183.868768
     -6.280401     95.550886     95.550886    191.101772
     -6.251788     97.466938     97.466938    194.933877
     -6.223176     97.691066     97.691066    195.382133
     -6.194564     96.718303     96.718303    193.436606
     -6.165951     95.302236     95.302236    190.604472
     -6.137339     94.159678     94.159678    188.319356
     -6.108727     93.664439     93.664439    187.328878
     -6.080114     93.597124     93.597124    187.194249
     -6.051502     93.160788     93.160788    186.321576
     -6.022890     91.396312     91.396312    182.792623
     -5.994278     87.803148     87.803148    175.606296
     -5.965665     82.762677     82.762677    165.525353
     -5.937053     77.471195     77.471195    154.942391
     -5.908441     73.366853     73.366853    146.733705
     -5.879828     71.335869     71.335869    142.671738
     -5.851216     71.206309     71.206309    142.412618
     -5.822604     71.918943     71.918943    143.837886
     -5.793991     72.220975     72.220975    144.441951
     -5.765379     71.281397     71.281397    142.562794
     -5.736767     68.838899     68.838899    137.677797
     -5.708155     65.072546     65.072546    130.145093
     -5.679542     60.539504     60.539504    121.079008
     -5.650930     56.142104     56.142104    112.284207
     -5.622318     52.844925     52.844925    105.689850
     -5.593705     51.145325     51.145325    102.290651
     -5.565093     50.706968     50.706968    101.413936
     -5.536481     50.565373     50.565373    101.130746
     -5.507868     49.863377     49.863377     99.726754
     -5.479256     48.565189     48.565189     97.130378
     -5.450644     47.524903     47.524903     95.049807
     -5.422031     47.811988     47.811988     95.623976
     -5.393419     49.878020     49.878020     99.756039
     -5.364807     53.310649     53.310649    106.621299
     -5.336195     57.375346     57.375346    114.750692
     -5.307582     61.802776     61.802776    123.605552
     -5.278970     67.063621     67.063621    134.127242
     -5.250358     73.900193     73.900193    147.800386
     -5.221745     82.585280     82.585280    165.170560
     -5.193133     92.532818     92.532818    185.065636
     -5.164521    102.466557    102.466557    204.933114
     -5.135908    110.897773    110.897773    221.795547
     -5.107296    116.535895    116.535895    233.071789
     -5.078684    118.462528    118.462528    236.925056
     -5.050072    116.228766    116.228766    232.457533
     -5.021459    110.087005    110.087005    220.174010
     -4.992847    101.188846    101.188846    202.377692
     -4.964235     91.324682     91.324682    182.649365
     -4.935622     82.185802     82.185802    164.371603
     -4.907010     74.715667     74.715667    149.431334
     -4.878398     69.027151     69.027151    138.054302
     -4.849785     64.741473     64.741473    129.482945
     -4.821173     61.334034     61.334034    122.668067
     -4.792561     58.357050     58.357050    116.714101
     -4.763948     55.623206     55.623206    111.246412
     -4.735336     53.288090     53.288090    106.576180
     -4.706724     51.694007     51.694007    103.388013
     -4.678112     51.109004     51.109004    102.218008
     -4.649499     51.707725     51.707725    103.415451
     -4.620887     53.853134     53.853134    107.706268
     -4.592275     58.229581     58.229581    116.459162
     -4.563662     65.388898     65.388898    130.777795
     -4.535050     74.982218     74.982218    149.964436
     -4.506438     85.524954     85.524954    171.049908
     -4.477825     95.100211     95.100211    190.200423
     -4.449213    102.353527    102.353527    204.707054
     -4.420601    106.824225    106.824225    213.648449
     -4.391989    108.520721    108.520721    217.041441
     -4.363376    107.489454    107.489454    214.978909
     -4.334764    103.866225    103.866225    207.732450
     -4.306152     98.094996     98.094996    196.189991
     -4.277539     90.867778     90.867778    181.735555
     -4.248927     82.911458     82.911458    165.822916
     -4.220315     75.010475     75.010475    150.020949
     -4.191702     68.205307     68.205307    136.410614
     -4.163090     63.692947     63.692947    127.385894
     -4.134478     62.253826     62.253826    124.507652
     -4.105866     63.652511     63.652511    127.305023
     -4.077253     66.586555     66.586555    133.173109
     -4.048641     69.274978     69.274978    138.549956
     -4.020029     70.276423     70.276423    140.552846
     -3.991416     69.045600     69.045600    138.091200
     -3.962804     65.984238     65.984238    131.968476
     -3.934192     62.042371     62.042371    124.084742
     -3.905579     58.136361     58.136361    116.272722
     -3.876967     54.728114     54.728114    109.456228
     -3.848355     51.800134     51.800134    103.600269
     -3.819742     49.176201     49.176201     98.352402
     -3.791130     46.879209     46.879209     93.758418
     -3.762518     45.229221     45.229221     90.458441
     -3.733906     44.646402     44.646402     89.292804
     -3.705293     45.362933     45.362933     90.725865
     -3.676681     47.272473     47.272473     94.544945
     -3.648069     50.001271     50.001271    100.002542
     -3.619456     53.108303     53.108303    106.216605
     -3.590844     56.228202     56.228202    112.456405
     -3.562232     59.058095     59.058095    118.116190
     -3.533619     61.314994     61.314994    122.629987
     -3.505007     62.861411     62.861411    125.722821
     -3.476395     63.916359     63.916359    127.832717
     -3.447783     64.991231     64.991231    129.982462
     -3.419170     66.432099     66.432099    132.864199
     -3.390558     68.002910     68.002910    136.005820
     -3.361946     69.024436     69.024436    138.048873
     -3.333333     68.999728     68.999728    137.999456
     -3.304721     68.132172     68.132172    136.264344
     -3.276109     67.281429     67.281429    134.562858
     -3.247496     67.438066     67.438066    134.876132
     -3.218884     69.119694     69.119694    138.239387
     -3.190272     72.046318     72.046318    144.092636
     -3.161660     75.273500     75.273500    150.547000
     -3.133047     77.736975     77.736975    155.473950
     -3.104435     78.860531     78.860531    157.721062
     -3.075823     78.754290     78.754290    157.508580
     -3.047210     77.889600     77.889600    155.779200
     -3.018598     76.670521     76.670521    153.341042
     -2.989986     75.329302     75.329302    150.658604
     -2.961373     74.026532     74.026532    148.053064
     -2.932761     72.753111     72.753111    145.506223
     -2.904149     71.066514     71.066514    142.133028
     -2.875536     68.185013     68.185013    136.370027
     -2.846924     63.671557     63.671557    127.343114
     -2.818312     58.128810     58.128810    116.257619
     -2.789700     53.084047     53.084047    106.168094
     -2.761087     49.995556     49.995556     99.991112
     -2.732475     49.228977     49.228977     98.457953
     -2.703863     49.904078     49.904078     99.808156
     -2.675250     50.688508     50.688508    101.377017
     -2.646638     50.800733     50.800733    101.601467
     -2.618026     50.426915     50.426915    100.853830
     -2.589413     50.365531     50.365531    100.731063
     -2.560801     51.297642     51.297642    102.595284
     -2.532189     53.191090     53.191090    106.382181
     -2.503577     55.171733     55.171733    110.343466
     -2.474964     55.989827     55.989827    111.979654
     -2.446352     54.869440     54.869440    109.738879
     -2.417740     52.128386     52.128386    104.256773
     -2.389127     49.033418     49.033418     98.066835
     -2.360515     47.038909     47.038909     94.077818
     -2.331903     47.087441     47.087441     94.174883
     -2.303290     49.410087     49.410087     98.820174
     -2.274678     53.679498     53.679498    107.358996
     -2.246066     59.197427     59.197427    118.394854
     -2.217454     65.049208     65.049208    130.098417
     -2.188841     70.298856     70.298856    140.597712
     -2.160229     74.176308     74.176308    148.352616
     -2.131617     76.166672     76.166672    152.333344
     -2.103004     76.079452     76.079452    152.158904
     -2.074392     74.212564     74.212564    148.425128
     -2.045780     71.462011     71.462011    142.924021
     -2.017167     69.065408     69.065408    138.130817
     -1.988555     67.969243     67.969243    135.938485
     -1.959943     68.268142     68.268142    136.536284
     -1.931330     69.193628     69.193628    138.387257
     -1.902718     69.654940     69.654940    139.309881
     -1.874106     68.864370     68.864370    137.728740
     -1.845494     66.594163     66.594163    133.188326
     -1.816881     63.039430     63.039430    126.078861
     -1.788269     58.581729     58.581729    117.163457
     -1.759657     53.650333     53.650333    107.300665
     -1.731044     48.651394     48.651394     97.302787
     -1.702432     43.941088     43.941088     87.882175
     -1.673820     39.887972     39.887972     79.775945
     -1.645207     36.917558     36.917558     73.835116
     -1.616595     35.312727     35.312727     70.625454
     -1.587983     34.829214     34.829214     69.658427
     -1.559371     34.578145     34.578145     69.156290
     -1.530758     33.488981     33.488981     66.977962
     -1.502146     31.034457     31.034457     62.068913
     -1.473534     27.554054     27.554054     55.108108
     -1.444921     23.910903     23.910903     47.821805
     -1.416309     20.866553     20.866553     41.733107
     -1.387697     18.715703     18.715703     37.431406
     -1.359084     17.336947     17.336947     34.673895
     -1.330472     16.433066     16.433066     32.866132
     -1.301860     15.720036     15.720036     31.440073
     -1.273247     15.019664     15.019664     30.039328
     -1.244635     14.298434     14.298434     28.596869
     -1.216023     13.636687     13.636687     27.273373
     -1.187411     13.112342     13.112342     26.224684
     -1.158798     12.702430     12.702430     25.404859
     -1.130186     12.330767     12.330767     24.661534
     -1.101574     12.002437     12.002437     24.004873
     -1.072961     11.812118     11.812118     23.624236
     -1.044349     11.762436     11.762436     23.524871
     -1.015737     11.611602     11.611602     23.223203
     -0.987124     10.985497     10.985497     21.970995
     -0.958512      9.693328      9.693328     19.386656
     -0.929900      7.947940      7.947940     15.895879
     -0.901288      6.278346      6.278346     12.556692
     -0.872675      5.201962      5.201962     10.403924
     -0.844063      4.910631      4.910631      9.821262
     -0.815451      5.188178      5.188178     10.376356
     -0.786838      5.586881      5.586881     11.173761
     -0.758226      5.706626      5.706626     11.413252
     -0.729614      5.385199      5.385199     10.770398
     -0.701001      4.725728      4.725728      9.451456
     -0.672389      4.010765      4.010765      8.021531
     -0.643777      3.566593      3.566593      7.133186
     -0.615165      3.605377      3.605377      7.210755
     -0.586552      4.090967      4.090967      8.181935
     -0.557940      4.718243      4.718243      9.436486
     -0.529328      5.062477      5.062477     10.124954
     -0.500715      4.830721      4.830721      9.661443
     -0.472103      4.043250      4.043250      8.086501
     -0.443491      3.010228      3.010228      6.020456
     -0.414878      2.131583      2.131583      4.263165
     -0.386266      1.677770      1.677770      3.355540
     -0.357654      1.685702      1.685702      3.371403
     -0.329041      1.988417      1.988417      3.976835
     -0.300429      2.322616      2.322616      4.645232
     -0.271817      2.455322      2.455322      4.910645
     -0.243205      2.283202      2.283202      4.566404
     -0.214592      1.864882      1.864882      3.729764
     -0.185980      1.374943      1.374943      2.749886
     -0.157368      1.014575      1.014575      2.029151
     -0.128755      0.932545      0.932545      1.865090
     -0.100143      1.183249      1.183249      2.366499
     -0.071531      1.718157      1.718157      3.436314
     -0.042918      2.411273      2.411273      4.822545
     -0.014306      3.128901      3.128901      6.257803
      0.014306      3.818342      3.818342      7.636684
      0.042918      4.539736      4.539736      9.079472
      0.071531      5.391912      5.391912     10.783824
      0.100143      6.391968      6.391968     12.783936
      0.128755      7.432044      7.432044     14.864088
      0.157368      8.361796      8.361796     16.723592
      0.185980      9.114472      9.114472     18.228944
      0.214592      9.764710      9.764710     19.529420
      0.243205     10.507915     10.507915     21.015830
      0.271817     11.655548     11.655548     23.311097
      0.300429     13.707525     13.707525     27.415050
      0.329041     17.402292     17.402292     34.804584
      0.357654     23.540472     23.540472     47.080944
      0.386266     32.512645     32.512645     65.025289
      0.414878     43.789151     43.789151     87.578303
      0.443491     55.837337     55.837337    111.674674
      0.472103     66.707802     66.707802    133.415604
      0.500715     74.947847     74.947847    149.895693
      0.529328     80.109805     80.109805    160.219609
      0.557940     82.456958     82.456958    164.913915
      0.586552     82.303294     82.303294    164.606589
      0.615165     79.806339     79.806339    159.612679
      0.643777     75.420299     75.420299    150.840598
      0.672389     70.320478     70.320478    140.640956
      0.701001     66.090030     66.090030    132.180060
      0.729614     63.876337     63.876337    127.752673
      0.758226     63.908751     63.908751    127.817503
      0.786838     65.859089     65.859089    131.718178
      0.815451     69.544863     69.544863    139.089727
      0.844063     75.094658     75.094658    150.189317
      0.872675     82.324192     82.324192    164.648384
      0.901288     90.005037     90.005037    180.010075
      0.929900     95.951834     95.951834    191.903667
      0.958512     98.113396     98.113396    196.226793
      0.987124     95.840529     95.840529    191.681058
      1.015737     90.270070     90.270070    180.540140
      1.044349     83.563275     83.563275    167.126549
      1.072961     77.693493     77.693493    155.386986
      1.101574     73.644492     73.644492    147.288985
      1.130186     71.330160     71.330160    142.660321
      1.158798     70.028048     70.028048    140.056095
      1.187411     68.971795     68.971795    137.943590
      1.216023     67.769291     67.769291    135.538583
      1.244635     66.427208     66.427208    132.854415
      1.273247     65.058734     65.058734    130.117469
      1.301860     63.616193     63.616193    127.232385
      1.330472     61.900698     61.900698    123.801396
      1.359084     59.786812     59.786812    119.573625
      1.387697     57.437109     57.437109    114.874217
      1.416309     55.329876     55.329876    110.659752
      1.444921     54.039075     54.039075    108.078151
      1.473534     53.878699     53.878699    107.757398
      1.502146     54.691905     54.691905    109.383811
      1.530758     55.990789     55.990789    111.981578
      1.559371     57.325886     57.325886    114.651773
      1.587983     58.547279     58.547279    117.094559
      1.616595     59.750674     59.750674    119.501348
      1.645207     61.003741     61.003741    122.007481
      1.673820     62.124665     62.124665    124.249330
      1.702432     62.723199     62.723199    125.446399
      1.731044     62.481141     62.481141    124.962282
      1.759657     61.424528     61.424528    122.849056
      1.788269     59.925237     59.925237    119.850473
      1.816881     58.401380     58.401380    116.802759
      1.845494     56.956811     56.956811    113.913623
      1.874106     55.257082     55.257082    110.514165
      1.902718     52.755266     52.755266    105.510531
      1.931330     49.145349     49.145349     98.290697
      1.959943     44.774956     44.774956     89.549912
      1.988555     40.711301     40.711301     81.422603
      2.017167     38.289389     38.289389     76.578778
      2.045780     38.329417     38.329417     76.658834
      2.074392     40.552650     40.552650     81.105300
      2.103004     43.659403     43.659403     87.318807
      2.131617     46.035268     46.035268     92.070537
      2.160229     46.590059     46.590059     93.180119
      2.188841     45.223202     45.223202     90.446403
      2.217454     42.741207     42.741207     85.482415
      2.246066     40.353896     40.353896     80.707793
      2.274678     39.021660     39.021660     78.043319
      2.303290     38.995716     38.995716     77.991433
      2.331903     39.827957     39.827957     79.655913
      2.360515     40.837360     40.837360     81.674720
      2.389127     41.684961     41.684961     83.369921
      2.417740     42.623228     42.623228     85.246455
      2.446352     44.225508     44.225508     88.451017
      2.474964     46.806421     46.806421     93.612842
      2.503577     50.031477     50.031477    100.062954
      2.532189     53.088315     53.088315    106.176630
      2.560801     55.261219     55.261219    110.522437
      2.589413     56.332699     56.332699    112.665397
      2.618026     56.452080     56.452080    112.904160
      2.646638     55.745663     55.745663    111.491325
      2.675250     54.216269     54.216269    108.432539
      2.703863     52.045875     52.045875    104.091750
      2.732475     49.828325     49.828325     99.656650
      2.761087     48.279961     48.279961     96.559921
      2.789700     47.617740     47.617740     95.235479
      2.818312     47.280144     47.280144     94.560288
      2.846924     46.361054     46.361054     92.722108
      2.875536     44.351588     44.351588     88.703176
      2.904149     41.457254     41.457254     82.914507
      2.932761     38.250919     38.250919     76.501838
      2.961373     35.122414     35.122414     70.244828
      2.989986     32.099524     32.099524     64.199048
      3.018598     29.105612     29.105612     58.211224
      3.047210     26.236155     26.236155     52.472311
      3.075823     23.701029     23.701029     47.402058
      3.104435     21.540202     21.540202     43.080405
      3.133047     19.505407     19.505407     39.010814
      3.161660     17.292916     17.292916     34.585831
      3.190272     14.888610     14.888610     29.777219
      3.218884     12.653066     12.653066     25.306131
      3.247496     11.063389     11.063389     22.126777
      3.276109     10.375154     10.375154     20.750309
      3.304721     10.487142     10.487142     20.974283
      3.333333     11.033547     11.033547     22.067094
      3.361946     11.551708     11.551708     23.103417
      3.390558     11.638889     11.638889     23.277779
      3.419170     11.107379     11.107379     22.214758
      3.447783     10.087515     10.087515     20.175030
      3.476395      8.964959      8.964959     17.929918
      3.505007      8.156518      8.156518     16.313037
      3.533619      7.891742      7.891742     15.783484
      3.562232      8.150149      8.150149     16.300298
      3.590844      8.749135      8.749135     17.498270
      3.619456      9.472313      9.472313     18.944625
      3.648069     10.133353     10.133353     20.266707
      3.676681     10.550274     10.550274     21.100549
      3.705293     10.513403     10.513403     21.026807
      3.733906      9.863405      9.863405     19.726810
      3.762518      8.669029      8.669029     17.338058
      3.791130      7.326618      7.326618     14.653235
      3.819742      6.421762      6.421762     12.843524
      3.848355      6.410333      6.410333     12.820666
      3.876967      7.349559      7.349559     14.699117
      3.905579      8.862525      8.862525     17.725050
      3.934192     10.334483     10.334483     20.668966
      3.962804     11.200592     11.200592     22.401183
      3.991416     11.170458     11.170458     22.340916
      4.020029     10.311377     10.311377     20.622755
      4.048641      9.004047      9.004047     18.008093
      4.077253      7.814693      7.814693     15.629386
      4.105866      7.295148      7.295148     14.590296
      4.134478      7.731591      7.731591     15.463182
      4.163090      8.959303      8.959303     17.918605
      4.191702     10.406117     10.406117     20.812235
      4.220315     11.389663     11.389663     22.779325
      4.248927     11.486490     11.486490     22.972980
      4.277539     10.738736     10.738736     21.477471
      4.306152      9.595408      9.595408     19.190815
      4.334764      8.645459      8.645459     17.290917
      4.363376      8.291669      8.291669     16.583338
      4.391989      8.544373      8.544373     17.088745
      4.420601      9.062545      9.062545     18.125090
      4.449213      9.414132      9.414132     18.828263
      4.477825      9.360818      9.360818     18.721636
      4.506438      8.952038      8.952038     17.904076
      4.535050      8.382725      8.382725     16.765450
      4.563662      7.783399      7.783399     15.566799
      4.592275      7.157112      7.157112     14.314224
      4.620887      6.506062      6.506062     13.012124
      4.649499      5.991675      5.991675     11.983350
      4.678112      5.949872      5.949872     11.899744
      4.706724      6.721457      6.721457     13.442913
      4.735336      8.400474      8.400474     16.800949
      4.763948     10.667164     10.667164     21.334327
      4.792561     12.849481     12.849481     25.698962
      4.821173     14.232453     14.232453     28.464905
      4.849785     14.442524     14.442524     28.885048
      4.878398     13.633506     13.633506     27.267013
      4.907010     12.338614     12.338614     24.677229
      4.935622     11.138780     11.138780     22.277560
      4.964235     10.432279     10.432279     20.864559
      4.992847     10.419380     10.419380     20.838759
      5.021459     11.162250     11.162250     22.324499
      5.050072     12.570515     12.570515     25.141030
      5.078684     14.367713     14.367713     28.735426
      5.107296     16.174877     16.174877     32.349754
      5.135908     17.673801     17.673801     35.347602
      5.164521     18.671952     18.671952     37.343905
      5.193133     19.031664     19.031664     38.063328
      5.221745     18.633911     18.633911     37.267822
      5.250358     17.483184     17.483184     34.966369
      5.278970     15.832466     15.832466     31.664932
      5.307582     14.179900     14.179900     28.359801
      5.336195     13.154869     13.154869     26.309739
      5.364807     13.353592     13.353592     26.707184
      5.393419     15.087955     15.087955     30.175911
      5.422031     18.082222     18.082222     36.164444
      5.450644     21.391742     21.391742     42.783484
      5.479256     23.796798     23.796798     47.593596
      5.507868     24.486541     24.486541     48.973082
      5.536481     23.492691     23.492691     46.985381
      5.565093     21.544252     21.544252     43.088504
      5.593705     19.547275     19.547275     39.094549
      5.622318     18.145466     18.145466     36.290931
      5.650930     17.621271     17.621271     35.242543
      5.679542     18.054880     18.054880     36.109760
      5.708155     19.475000     19.475000     38.950001
      5.736767     21.823368     21.823368     43.646736
      5.765379     24.823622     24.823622     49.647243
      5.793991     27.994693     27.994693     55.989387
      5.822604     30.865828     30.865828     61.731657
      5.851216     33.166488     33.166488     66.332976
      5.879828     34.792914     34.792914     69.585829
      5.908441     35.664417     35.664417     71.328835
      5.937053     35.720836     35.720836     71.441671
      5.965665     35.083126     35.083126     70.166253
      5.994278     34.145296     34.145296     68.290591
      6.022890     33.430996     33.430996     66.861993
      6.051502     33.313271     33.313271     66.626542
      6.080114     33.837173     33.837173     67.674347
      6.108727     34.791669     34.791669     69.583337
      6.137339     35.959652     35.959652     71.919304
      6.165951     37.307809     37.307809     74.615618
      6.194564     38.923536     38.923536     77.847072
      6.223176     40.767629     40.767629     81.535257
      6.251788     42.529981     42.529981     85.059961
      6.280401     43.776765     43.776765     87.553530
      6.309013     44.249726     44.249726     88.499452
      6.337625     44.013335     44.013335     88.026669
      6.366237     43.334258     43.334258     86.668516
      6.394850     42.456883     42.456883     84.913767
      6.423462     41.486666     41.486666     82.973331
      6.452074     40.445781     40.445781     80.891562
      6.480687     39.435823     39.435823     78.871647
      6.509299     38.785020     38.785020     77.570040
      6.537911     39.039603     39.039603     78.079206
      6.566524     40.716563     40.716563     81.433126
      6.595136     43.897235     43.897235     87.794470
      6.623748     47.935261     47.935261     95.870523
      6.652361     51.600678     51.600678    103.201355
      6.680973     53.705556     53.705556    107.411112
      6.709585     53.781511     53.781511    107.563022
      6.738197     52.230747     52.230747    104.461494
      6.766810     49.866015     49.866015     99.732030
      6.795422     47.386115     47.386115     94.772231
      6.824034     45.304321     45.304321     90.608643
      6.852647     44.191275     44.191275     88.382549
      6.881259     44.689928     44.689928     89.379855
      6.909871     47.117694     47.117694     94.235388
      6.938484     51.073199     51.073199    102.146397
      6.967096     55.540872     55.540872    111.081743
      6.995708     59.483511     59.483511    118.967022
      7.024320     62.422065     62.422065    124.844129
      7.052933     64.520100     64.520100    129.040200
      7.081545     66.173024     66.173024    132.346048
      7.110157     67.559282     67.559282    135.118563
      7.138770     68.575963     68.575963    137.151926
      7.167382     69.125265     69.125265    138.250529
      7.195994     69.387827     69.387827    138.775655
      7.224607     69.829941     69.829941    139.659883
      7.253219     70.979105     70.979105    141.958210
      7.281831     73.134378     73.134378    146.268756
      7.310443     76.179822     76.179822    152.359644
      7.339056     79.625261     79.625261    159.250522
      7.367668     82.835295     82.835295    165.670590
      7.396280     85.224723     85.224723    170.449447
      7.424893     86.286337     86.286337    172.572675
      7.453505     85.607242     85.607242    171.214485
      7.482117     83.074397     83.074397    166.148793
      7.510730     79.156209     79.156209    158.312419
      7.539342     74.909073     74.909073    149.818145
      7.567954     71.541720     71.541720    143.083440
      7.596567     69.794924     69.794924    139.589848
      7.625179     69.601881     69.601881    139.203762
      7.653791     70.245751     70.245751    140.491502
      7.682403     70.784623     70.784623    141.569246
      7.711016     70.387786     70.387786    140.775572
      7.739628     68.529786     68.529786    137.059573
      7.768240     65.217198     65.217198    130.434396
      7.796853     61.197479     61.197479    122.394958
      7.825465     57.796097     57.796097    115.592194
      7.854077     56.237213     56.237213    112.474427
      7.882690     56.882793     56.882793    113.765586
      7.911302     59.037504     59.037504    118.075007
      7.939914     61.498771     61.498771    122.997543
      7.968526     63.383626     63.383626    126.767253
      7.997139     64.576253     64.576253    129.152506
      8.025751     65.516182     65.516182    131.032363
      8.054363     66.608270     66.608270    133.216539
      8.082976     67.811667     67.811667    135.623333
      8.111588     68.715545     68.715545    137.431090
      8.140200     68.886686     68.886686    137.773372
      8.168813     68.082122     68.082122    136.164243
      8.197425     66.257569     66.257569    132.515139
      8.226037     63.606715     63.606715    127.213430
      8.254649     60.663997     60.663997    121.327993
      8.283262     58.189027     58.189027    116.378054
      8.311874     56.728709     56.728709    113.457419
      8.340486     56.230391     56.230391    112.460782
      8.369099     56.149992     56.149992    112.299984
      8.397711     55.991220     55.991220    111.982440
      8.426323     55.738429     55.738429    111.476858
      8.454936     55.792158     55.792158    111.584317
      8.483548     56.572509     56.572509    113.145018
      8.512160     58.220086     58.220086    116.440173
      8.540773     60.577881     60.577881    121.155762
      8.569385     63.329550     63.329550    126.659100
      8.597997     66.129508     66.129508    132.259016
      8.626609     68.649261     68.649261    137.298521
      8.655222     70.545368     70.545368    141.090735
      8.683834     71.452539     71.452539    142.905078
      8.712446     71.120454     71.120454    142.240909
      8.741059     69.645892     69.645892    139.291785
      8.769671     67.592840     67.592840    135.185679
      8.798283     65.851230     65.851230    131.702460
      8.826896     65.261455     65.261455    130.522909
      8.855508     66.158658     66.158658    132.317317
      8.884120     68.084900     68.084900    136.169801
      8.912732     69.961372     69.961372    139.922745
      8.941345     70.800087     70.800087    141.600175
      8.969957     70.538695     70.538695    141.077390
      8.998569     70.270431     70.270431    140.540863
      9.027182     71.515111     71.515111    143.030223
      9.055794     75.027206     75.027206    150.054412
      9.084406     80.121314     80.121314    160.242628
      9.113019     85.070439     85.070439    170.140878
      9.141631     88.203158     88.203158    176.406317
      9.170243     88.820751     88.820751    177.641502
      9.198856     87.393592     87.393592    174.787185
      9.227468     85.158702     85.158702    170.317405
      9.256080     83.507203     83.507203    167.014406
      9.284692     83.395143     83.395143    166.790285
      9.313305     84.906661     84.906661    169.813322
      9.341917     87.184574     87.184574    174.369149
      9.370529     88.889249     88.889249    177.778498
      9.399142     88.978481     88.978481    177.956962
      9.427754     87.258460     87.258460    174.516920
      9.456366     84.294492     84.294492    168.588983
      9.484979     80.844778     80.844778    161.689557
      9.513591     77.393422     77.393422    154.786844
      9.542203     74.141599     74.141599    148.283198
      9.570815     71.253420     71.253420    142.506839
      9.599428     68.947734     68.947734    137.895467
      9.628040     67.362049     67.362049    134.724098
      9.656652     66.448850     66.448850    132.897700
      9.685265     66.064283     66.064283    132.128566
      9.713877     66.114797     66.114797    132.229594
      9.742489     66.570259     66.570259    133.140518
      9.771102     67.346265     67.346265    134.692531
      9.799714     68.218453     68.218453    136.436905
      9.828326     68.877494     68.877494    137.754988
      9.856938     69.045109     69.045109    138.090219
      9.885551     68.501861     68.501861    137.003722
      9.914163     67.046817     67.046817    134.093633
      9.942775     64.565915     64.565915    129.131831
      9.971388     61.234249     61.234249    122.468498
     10.000000     57.597881     57.597881    115.195762
