# EIG2DOS: Utility for SIESTA to obtain the electronic density of states
#  E. Artacho, Apr 1999, A. Garcia, Apr 2012
# ------------------------------------------
# Eigenvalues read from 3mos2-3graphene.EIG
# Using smearing parameter:   0.100
# Using    700 points in energy range
# Selected bands: 1 to: 3918
# Emin, emax in file for selected band(s):    -22.9741100    160.1429000
# Nbands, Nspin, Nk   =   3918     1    13
# E_F                 =    -4.7888 eV --> (shifted to ZERO)
# Broadening          =     0.1000 eV
#
#        E            N(up)  (=)   N(down)         Ntot
    -10.000000      9.677675      9.677675     19.355349
     -9.971388      8.034448      8.034448     16.068897
     -9.942775      7.036501      7.036501     14.073001
     -9.914163      6.775380      6.775380     13.550761
     -9.885551      7.230254      7.230254     14.460508
     -9.856938      8.287478      8.287478     16.574956
     -9.828326      9.754781      9.754781     19.509562
     -9.799714     11.376778     11.376778     22.753555
     -9.771102     12.855043     12.855043     25.710087
     -9.742489     13.889568     13.889568     27.779135
     -9.713877     14.244093     14.244093     28.488186
     -9.685265     13.813750     13.813750     27.627501
     -9.656652     12.668412     12.668412     25.336823
     -9.628040     11.041177     11.041177     22.082354
     -9.599428      9.243084      9.243084     18.486169
     -9.570815      7.548595      7.548595     15.097189
     -9.542203      6.147287      6.147287     12.294574
     -9.513591      5.197208      5.197208     10.394416
     -9.484979      4.896333      4.896333      9.792666
     -9.456366      5.460679      5.460679     10.921359
     -9.427754      6.994997      6.994997     13.989994
     -9.399142      9.352952      9.352952     18.705904
     -9.370529     12.103980     12.103980     24.207960
     -9.341917     14.650917     14.650917     29.301834
     -9.313305     16.440643     16.440643     32.881286
     -9.284692     17.149917     17.149917     34.299833
     -9.256080     16.750899     16.750899     33.501798
     -9.227468     15.450062     15.450062     30.900124
     -9.198856     13.577997     13.577997     27.155994
     -9.170243     11.514214     11.514214     23.028428
     -9.141631      9.661377      9.661377     19.322754
     -9.113019      8.413729      8.413729     16.827458
     -9.084406      8.070550      8.070550     16.141100
     -9.055794      8.722614      8.722614     17.445228
     -9.027182     10.196739     10.196739     20.393479
     -8.998569     12.107808     12.107808     24.215617
     -8.969957     13.986179     13.986179     27.972359
     -8.941345     15.418728     15.418728     30.837457
     -8.912732     16.167194     16.167194     32.334387
     -8.884120     16.242464     16.242464     32.484928
     -8.855508     15.904322     15.904322     31.808644
     -8.826896     15.557690     15.557690     31.115381
     -8.798283     15.555687     15.555687     31.111374
     -8.769671     15.999755     15.999755     31.999510
     -8.741059     16.678742     16.678742     33.357485
     -8.712446     17.210349     17.210349     34.420698
     -8.683834     17.286858     17.286858     34.573715
     -8.655222     16.855577     16.855577     33.711155
     -8.626609     16.131390     16.131390     32.262780
     -8.597997     15.450857     15.450857     30.901715
     -8.569385     15.072151     15.072151     30.144302
     -8.540773     15.057605     15.057605     30.115211
     -8.512160     15.297483     15.297483     30.594965
     -8.483548     15.618645     15.618645     31.237289
     -8.454936     15.896821     15.896821     31.793642
     -8.426323     16.129389     16.129389     32.258778
     -8.397711     16.431577     16.431577     32.863155
     -8.369099     16.921365     16.921365     33.842731
     -8.340486     17.537385     17.537385     35.074769
     -8.311874     17.951448     17.951448     35.902896
     -8.283262     17.732694     17.732694     35.465388
     -8.254649     16.696523     16.696523     33.393047
     -8.226037     15.124705     15.124705     30.249411
     -8.197425     13.623304     13.623304     27.246607
     -8.168813     12.760533     12.760533     25.521067
     -8.140200     12.820615     12.820615     25.641231
     -8.111588     13.798444     13.798444     27.596888
     -8.082976     15.493514     15.493514     30.987028
     -8.054363     17.570358     17.570358     35.140717
     -8.025751     19.604130     19.604130     39.208260
     -7.997139     21.167798     21.167798     42.335597
     -7.968526     21.944246     21.944246     43.888492
     -7.939914     21.808455     21.808455     43.616910
     -7.911302     20.858260     20.858260     41.716521
     -7.882690     19.393758     19.393758     38.787516
     -7.854077     17.826773     17.826773     35.653545
     -7.825465     16.524762     16.524762     33.049524
     -7.796853     15.669090     15.669090     31.338180
     -7.768240     15.211401     15.211401     30.422802
     -7.739628     14.927733     14.927733     29.855466
     -7.711016     14.543090     14.543090     29.086181
     -7.682403     13.925480     13.925480     27.850960
     -7.653791     13.264168     13.264168     26.528336
     -7.625179     13.025406     13.025406     26.050812
     -7.596567     13.607813     13.607813     27.215626
     -7.567954     14.965633     14.965633     29.931267
     -7.539342     16.588956     16.588956     33.177912
     -7.510730     17.894502     17.894502     35.789004
     -7.482117     18.651682     18.651682     37.303365
     -7.453505     19.053372     19.053372     38.106744
     -7.424893     19.434882     19.434882     38.869764
     -7.396280     19.960477     19.960477     39.920954
     -7.367668     20.518365     20.518365     41.036730
     -7.339056     20.809521     20.809521     41.619042
     -7.310443     20.519753     20.519753     41.039505
     -7.281831     19.505989     19.505989     39.011978
     -7.253219     17.919673     17.919673     35.839345
     -7.224607     16.167893     16.167893     32.335786
     -7.195994     14.710798     14.710798     29.421597
     -7.167382     13.845925     13.845925     27.691851
     -7.138770     13.651118     13.651118     27.302236
     -7.110157     14.101638     14.101638     28.203276
     -7.081545     15.204928     15.204928     30.409856
     -7.052933     17.007864     17.007864     34.015728
     -7.024320     19.507455     19.507455     39.014909
     -6.995708     22.592637     22.592637     45.185275
     -6.967096     26.047843     26.047843     52.095686
     -6.938484     29.557155     29.557155     59.114309
     -6.909871     32.727790     32.727790     65.455580
     -6.881259     35.232965     35.232965     70.465930
     -6.852647     37.039953     37.039953     74.079906
     -6.824034     38.498289     38.498289     76.996579
     -6.795422     40.152603     40.152603     80.305205
     -6.766810     42.456177     42.456177     84.912353
     -6.738197     45.648507     45.648507     91.297014
     -6.709585     49.776981     49.776981     99.553962
     -6.680973     54.636758     54.636758    109.273516
     -6.652361     59.643828     59.643828    119.287656
     -6.623748     63.984930     63.984930    127.969860
     -6.595136     67.178399     67.178399    134.356798
     -6.566524     69.562407     69.562407    139.124815
     -6.537911     72.093742     72.093742    144.187483
     -6.509299     75.569199     75.569199    151.138398
     -6.480687     80.091908     80.091908    160.183815
     -6.452074     85.298513     85.298513    170.597025
     -6.423462     90.925564     90.925564    181.851129
     -6.394850     96.983282     96.983282    193.966563
     -6.366237    103.431577    103.431577    206.863155
     -6.337625    109.858551    109.858551    219.717103
     -6.309013    115.536226    115.536226    231.072452
     -6.280401    119.757213    119.757213    239.514425
     -6.251788    122.169716    122.169716    244.339433
     -6.223176    122.936907    122.936907    245.873815
     -6.194564    122.640246    122.640246    245.280492
     -6.165951    121.917086    121.917086    243.834172
     -6.137339    121.042507    121.042507    242.085015
     -6.108727    119.842414    119.842414    239.684828
     -6.080114    118.054720    118.054720    236.109440
     -6.051502    115.718163    115.718163    231.436327
     -6.022890    113.109439    113.109439    226.218879
     -5.994278    110.337013    110.337013    220.674026
     -5.965665    107.128416    107.128416    214.256831
     -5.937053    103.045389    103.045389    206.090778
     -5.908441     97.850445     97.850445    195.700889
     -5.879828     91.726205     91.726205    183.452410
     -5.851216     85.324304     85.324304    170.648608
     -5.822604     79.660024     79.660024    159.320048
     -5.793991     75.767625     75.767625    151.535250
     -5.765379     74.178885     74.178885    148.357769
     -5.736767     74.558660     74.558660    149.117321
     -5.708155     75.807208     75.807208    151.614416
     -5.679542     76.588640     76.588640    153.177280
     -5.650930     75.927284     75.927284    151.854569
     -5.622318     73.524929     73.524929    147.049859
     -5.593705     69.734818     69.734818    139.469636
     -5.565093     65.344189     65.344189    130.688379
     -5.536481     61.286783     61.286783    122.573567
     -5.507868     58.345930     58.345930    116.691860
     -5.479256     56.976116     56.976116    113.952232
     -5.450644     57.355571     57.355571    114.711143
     -5.422031     59.576477     59.576477    119.152954
     -5.393419     63.755435     63.755435    127.510871
     -5.364807     69.965933     69.965933    139.931865
     -5.336195     78.045271     78.045271    156.090543
     -5.307582     87.365499     87.365499    174.730998
     -5.278970     96.729714     96.729714    193.459428
     -5.250358    104.675125    104.675125    209.350249
     -5.221745    110.275492    110.275492    220.550984
     -5.193133    113.923773    113.923773    227.847546
     -5.164521    117.231607    117.231607    234.463213
     -5.135908    121.835310    121.835310    243.670620
     -5.107296    128.034829    128.034829    256.069657
     -5.078684    134.455516    134.455516    268.911032
     -5.050072    138.951650    138.951650    277.903300
     -5.021459    139.892943    139.892943    279.785887
     -4.992847    136.867808    136.867808    273.735616
     -4.964235    130.548080    130.548080    261.096160
     -4.935622    122.118293    122.118293    244.236585
     -4.907010    112.753221    112.753221    225.506441
     -4.878398    103.344384    103.344384    206.688768
     -4.849785     94.484172     94.484172    188.968345
     -4.821173     86.645748     86.645748    173.291496
     -4.792561     80.352509     80.352509    160.705018
     -4.763948     76.100995     76.100995    152.201989
     -4.735336     74.120502     74.120502    148.241003
     -4.706724     74.323289     74.323289    148.646577
     -4.678112     76.529395     76.529395    153.058789
     -4.649499     80.583561     80.583561    161.167122
     -4.620887     86.055994     86.055994    172.111988
     -4.592275     91.841384     91.841384    183.682768
     -4.563662     96.358542     96.358542    192.717083
     -4.535050     98.582954     98.582954    197.165908
     -4.506438     99.139927     99.139927    198.279854
     -4.477825    100.265963    100.265963    200.531927
     -4.449213    104.339291    104.339291    208.678582
     -4.420601    112.107961    112.107961    224.215923
     -4.391989    122.088139    122.088139    244.176278
     -4.363376    131.454336    131.454336    262.908672
     -4.334764    137.489077    137.489077    274.978154
     -4.306152    138.602889    138.602889    277.205777
     -4.277539    134.673366    134.673366    269.346733
     -4.248927    126.856911    126.856911    253.713823
     -4.220315    116.978999    116.978999    233.957997
     -4.191702    106.738241    106.738241    213.476482
     -4.163090     97.240608     97.240608    194.481215
     -4.134478     89.165829     89.165829    178.331657
     -4.105866     83.189008     83.189008    166.378016
     -4.077253     80.014324     80.014324    160.028648
     -4.048641     79.907905     79.907905    159.815810
     -4.020029     82.231592     82.231592    164.463183
     -3.991416     85.464461     85.464461    170.928921
     -3.962804     87.751462     87.751462    175.502925
     -3.934192     87.679883     87.679883    175.359766
     -3.905579     84.875253     84.875253    169.750505
     -3.876967     80.055791     80.055791    160.111583
     -3.848355     74.490396     74.490396    148.980791
     -3.819742     69.280275     69.280275    138.560550
     -3.791130     65.014532     65.014532    130.029065
     -3.762518     61.901303     61.901303    123.802605
     -3.733906     60.013828     60.013828    120.027655
     -3.705293     59.385647     59.385647    118.771293
     -3.676681     60.033069     60.033069    120.066139
     -3.648069     61.983221     61.983221    123.966441
     -3.619456     65.188975     65.188975    130.377950
     -3.590844     69.325821     69.325821    138.651642
     -3.562232     73.737585     73.737585    147.475170
     -3.533619     77.681664     77.681664    155.363327
     -3.505007     80.631182     80.631182    161.262363
     -3.476395     82.358039     82.358039    164.716078
     -3.447783     82.903021     82.903021    165.806042
     -3.419170     82.687881     82.687881    165.375762
     -3.390558     82.658730     82.658730    165.317460
     -3.361946     84.041537     84.041537    168.083074
     -3.333333     87.602336     87.602336    175.204672
     -3.304721     92.930697     92.930697    185.861395
     -3.276109     98.424784     98.424784    196.849567
     -3.247496    102.124662    102.124662    204.249323
     -3.218884    102.867918    102.867918    205.735835
     -3.190272    101.010662    101.010662    202.021324
     -3.161660     98.231784     98.231784    196.463567
     -3.133047     96.478341     96.478341    192.956681
     -3.104435     96.684964     96.684964    193.369928
     -3.075823     98.192824     98.192824    196.385648
     -3.047210     99.396031     99.396031    198.792062
     -3.018598     99.121581     99.121581    198.243162
     -2.989986     97.514187     97.514187    195.028374
     -2.961373     95.652130     95.652130    191.304259
     -2.932761     94.395182     94.395182    188.790363
     -2.904149     93.671386     93.671386    187.342772
     -2.875536     92.799664     92.799664    185.599328
     -2.846924     91.286277     91.286277    182.572555
     -2.818312     89.140034     89.140034    178.280069
     -2.789700     86.482589     86.482589    172.965177
     -2.761087     83.136978     83.136978    166.273956
     -2.732475     78.853621     78.853621    157.707243
     -2.703863     73.957282     73.957282    147.914563
     -2.675250     69.591761     69.591761    139.183522
     -2.646638     67.116026     67.116026    134.232051
     -2.618026     67.088027     67.088027    134.176054
     -2.589413     68.727515     68.727515    137.455030
     -2.560801     70.387367     70.387367    140.774734
     -2.532189     70.721628     70.721628    141.443257
     -2.503577     69.625290     69.625290    139.250579
     -2.474964     68.193135     68.193135    136.386270
     -2.446352     67.788374     67.788374    135.576748
     -2.417740     69.049298     69.049298    138.098597
     -2.389127     71.601479     71.601479    143.202959
     -2.360515     74.505977     74.505977    149.011955
     -2.331903     76.870060     76.870060    153.740121
     -2.303290     78.166093     78.166093    156.332186
     -2.274678     78.327331     78.327331    156.654663
     -2.246066     77.835945     77.835945    155.671890
     -2.217454     77.670090     77.670090    155.340180
     -2.188841     78.855838     78.855838    157.711675
     -2.160229     81.841085     81.841085    163.682171
     -2.131617     86.263626     86.263626    172.527252
     -2.103004     91.262767     91.262767    182.525535
     -2.074392     95.864529     95.864529    191.729058
     -2.045780     99.103200     99.103200    198.206400
     -2.017167    100.155284    100.155284    200.310567
     -1.988555     98.782672     98.782672    197.565344
     -1.959943     95.719486     95.719486    191.438972
     -1.931330     92.371974     92.371974    184.743948
     -1.902718     89.881360     89.881360    179.762721
     -1.874106     88.378545     88.378545    176.757090
     -1.845494     87.112395     87.112395    174.224791
     -1.816881     85.223986     85.223986    170.447972
     -1.788269     82.331854     82.331854    164.663708
     -1.759657     78.448685     78.448685    156.897370
     -1.731044     73.591618     73.591618    147.183235
     -1.702432     67.727351     67.727351    135.454702
     -1.673820     61.100190     61.100190    122.200381
     -1.645207     54.409723     54.409723    108.819446
     -1.616595     48.547335     48.547335     97.094669
     -1.587983     44.200665     44.200665     88.401330
     -1.559371     41.669637     41.669637     83.339275
     -1.530758     40.807123     40.807123     81.614246
     -1.502146     40.913640     40.913640     81.827281
     -1.473534     40.787114     40.787114     81.574228
     -1.444921     39.221150     39.221150     78.442299
     -1.416309     35.736420     35.736420     71.472840
     -1.387697     30.902838     30.902838     61.805675
     -1.359084     25.935551     25.935551     51.871101
     -1.330472     21.947531     21.947531     43.895062
     -1.301860     19.459122     19.459122     38.918244
     -1.273247     18.367508     18.367508     36.735017
     -1.244635     18.165365     18.165365     36.330730
     -1.216023     18.179563     18.179563     36.359127
     -1.187411     17.799228     17.799228     35.598457
     -1.158798     16.714486     16.714486     33.428972
     -1.130186     15.050700     15.050700     30.101399
     -1.101574     13.249670     13.249670     26.499340
     -1.072961     11.768167     11.768167     23.536333
     -1.044349     10.858192     10.858192     21.716384
     -1.015737     10.567031     10.567031     21.134063
     -0.987124     10.816177     10.816177     21.632354
     -0.958512     11.382705     11.382705     22.765409
     -0.929900     11.848922     11.848922     23.697845
     -0.901288     11.728862     11.728862     23.457724
     -0.872675     10.780917     10.780917     21.561834
     -0.844063      9.223397      9.223397     18.446794
     -0.815451      7.594314      7.594314     15.188628
     -0.786838      6.352447      6.352447     12.704894
     -0.758226      5.591199      5.591199     11.182398
     -0.729614      5.108511      5.108511     10.217022
     -0.701001      4.699533      4.699533      9.399066
     -0.672389      4.343577      4.343577      8.687154
     -0.643777      4.136052      4.136052      8.272103
     -0.615165      4.117949      4.117949      8.235898
     -0.586552      4.220802      4.220802      8.441605
     -0.557940      4.350839      4.350839      8.701678
     -0.529328      4.469786      4.469786      8.939572
     -0.500715      4.575825      4.575825      9.151650
     -0.472103      4.630818      4.630818      9.261637
     -0.443491      4.532730      4.532730      9.065460
     -0.414878      4.172998      4.172998      8.345995
     -0.386266      3.535878      3.535878      7.071757
     -0.357654      2.756279      2.756279      5.512557
     -0.329041      2.078003      2.078003      4.156006
     -0.300429      1.729167      1.729167      3.458334
     -0.271817      1.793250      1.793250      3.586500
     -0.243205      2.156172      2.156172      4.312344
     -0.214592      2.566815      2.566815      5.133630
     -0.185980      2.786090      2.786090      5.572181
     -0.157368      2.733022      2.733022      5.466045
     -0.128755      2.520169      2.520169      5.040338
     -0.100143      2.357607      2.357607      4.715213
     -0.071531      2.425119      2.425119      4.850238
     -0.042918      2.821146      2.821146      5.642292
     -0.014306      3.580021      3.580021      7.160043
      0.014306      4.668239      4.668239      9.336479
      0.042918      5.943749      5.943749     11.887497
      0.071531      7.181327      7.181327     14.362655
      0.100143      8.230728      8.230728     16.461457
      0.128755      9.185198      9.185198     18.370396
      0.157368     10.351122     10.351122     20.702244
      0.185980     12.003720     12.003720     24.007440
      0.214592     14.195843     14.195843     28.391687
      0.243205     16.884808     16.884808     33.769616
      0.271817     20.289773     20.289773     40.579547
      0.300429     25.062185     25.062185     50.124370
      0.329041     31.943643     31.943643     63.887287
      0.357654     41.072450     41.072450     82.144900
      0.386266     51.535614     51.535614    103.071228
      0.414878     61.691142     61.691142    123.382284
      0.443491     70.158951     70.158951    140.317902
      0.472103     76.694349     76.694349    153.388698
      0.500715     82.140539     82.140539    164.281078
      0.529328     87.506888     87.506888    175.013776
      0.557940     93.126005     93.126005    186.252010
      0.586552     98.716954     98.716954    197.433908
      0.615165    104.073698    104.073698    208.147395
      0.643777    109.338733    109.338733    218.677466
      0.672389    114.411108    114.411108    228.822216
      0.701001    118.288287    118.288287    236.576574
      0.729614    119.436867    119.436867    238.873733
      0.758226    117.135484    117.135484    234.270968
      0.786838    112.483914    112.483914    224.967827
      0.815451    107.950059    107.950059    215.900117
      0.844063    105.756615    105.756615    211.513229
      0.872675    106.532175    106.532175    213.064351
      0.901288    109.338082    109.338082    218.676163
      0.929900    112.814780    112.814780    225.629561
      0.958512    116.189301    116.189301    232.378602
      0.987124    119.267848    119.267848    238.535695
      1.015737    121.774678    121.774678    243.549357
      1.044349    122.992382    122.992382    245.984763
      1.072961    122.065616    122.065616    244.131232
      1.101574    118.562579    118.562579    237.125159
      1.130186    112.851498    112.851498    225.702996
      1.158798    106.158197    106.158197    212.316395
      1.187411    100.216919    100.216919    200.433839
      1.216023     96.469737     96.469737    192.939475
      1.244635     95.179661     95.179661    190.359322
      1.273247     95.162229     95.162229    190.324458
      1.301860     94.496362     94.496362    188.992723
      1.330472     91.769852     91.769852    183.539705
      1.359084     86.975914     86.975914    173.951828
      1.387697     81.498168     81.498168    162.996335
      1.416309     77.296515     77.296515    154.593029
      1.444921     75.843676     75.843676    151.687352
      1.473534     77.370301     77.370301    154.740601
      1.502146     80.726309     80.726309    161.452619
      1.530758     83.883885     83.883885    167.767771
      1.559371     84.883047     84.883047    169.766094
      1.587983     82.823462     82.823462    165.646925
      1.616595     78.374403     78.374403    156.748807
      1.645207     73.416624     73.416624    146.833248
      1.673820     69.963506     69.963506    139.927011
      1.702432     69.085235     69.085235    138.170469
      1.731044     70.560376     70.560376    141.120751
      1.759657     73.321229     73.321229    146.642459
      1.788269     76.146315     76.146315    152.292631
      1.816881     78.088069     78.088069    156.176137
      1.845494     78.578442     78.578442    157.156884
      1.874106     77.431930     77.431930    154.863860
      1.902718     74.865931     74.865931    149.731863
      1.931330     71.444965     71.444965    142.889930
      1.959943     67.838134     67.838134    135.676268
      1.988555     64.485030     64.485030    128.970060
      2.017167     61.434562     61.434562    122.869125
      2.045780     58.524183     58.524183    117.048367
      2.074392     55.773055     55.773055    111.546109
      2.103004     53.642224     53.642224    107.284448
      2.131617     52.867956     52.867956    105.735911
      2.160229     53.897422     53.897422    107.794845
      2.188841     56.334773     56.334773    112.669546
      2.217454     58.905998     58.905998    117.811996
      2.246066     60.103328     60.103328    120.206655
      2.274678     59.125936     59.125936    118.251872
      2.303290     56.465687     56.465687    112.931375
      2.331903     53.705167     53.705167    107.410334
      2.360515     52.617313     52.617313    105.234626
      2.389127     54.134444     54.134444    108.268887
      2.417740     57.861090     57.861090    115.722180
      2.446352     62.418035     62.418035    124.836070
      2.474964     66.313932     66.313932    132.627864
      2.503577     68.734180     68.734180    137.468360
      2.532189     69.789567     69.789567    139.579134
      2.560801     70.158606     70.158606    140.317212
      2.589413     70.431869     70.431869    140.863738
      2.618026     70.670816     70.670816    141.341631
      2.646638     70.546863     70.546863    141.093727
      2.675250     69.891581     69.891581    139.783163
      2.703863     69.018533     69.018533    138.037066
      2.732475     68.395945     68.395945    136.791890
      2.761087     68.042942     68.042942    136.085885
      2.789700     67.423004     67.423004    134.846008
      2.818312     66.016688     66.016688    132.033376
      2.846924     63.879336     63.879336    127.758671
      2.875536     61.486267     61.486267    122.972534
      2.904149     59.068224     59.068224    118.136448
      2.932761     56.277571     56.277571    112.555142
      2.961373     52.595316     52.595316    105.190633
      2.989986     47.979261     47.979261     95.958522
      3.018598     43.010628     43.010628     86.021255
      3.047210     38.439174     38.439174     76.878349
      3.075823     34.676409     34.676409     69.352818
      3.104435     31.693547     31.693547     63.387093
      3.133047     29.230261     29.230261     58.460522
      3.161660     26.982355     26.982355     53.964710
      3.190272     24.678089     24.678089     49.356178
      3.218884     22.167095     22.167095     44.334191
      3.247496     19.527984     19.527984     39.055969
      3.276109     17.043421     17.043421     34.086841
      3.304721     15.006723     15.006723     30.013446
      3.333333     13.537489     13.537489     27.074977
      3.361946     12.565162     12.565162     25.130323
      3.390558     11.933025     11.933025     23.866050
      3.419170     11.481289     11.481289     22.962577
      3.447783     11.062887     11.062887     22.125774
      3.476395     10.539714     10.539714     21.079427
      3.505007      9.800433      9.800433     19.600867
      3.533619      8.811758      8.811758     17.623515
      3.562232      7.695582      7.695582     15.391163
      3.590844      6.770695      6.770695     13.541390
      3.619456      6.458926      6.458926     12.917853
      3.648069      7.038381      7.038381     14.076761
      3.676681      8.394983      8.394983     16.789967
      3.705293      9.994323      9.994323     19.988647
      3.733906     11.150915     11.150915     22.301829
      3.762518     11.416955     11.416955     22.833910
      3.791130     10.798713     10.798713     21.597426
      3.819742      9.668357      9.668357     19.336715
      3.848355      8.506523      8.506523     17.013046
      3.876967      7.699550      7.699550     15.399100
      3.905579      7.473093      7.473093     14.946187
      3.934192      7.887884      7.887884     15.775768
      3.962804      8.821156      8.821156     17.642312
      3.991416      9.952055      9.952055     19.904110
      4.020029     10.827375     10.827375     21.654750
      4.048641     11.043968     11.043968     22.087935
      4.077253     10.473012     10.473012     20.946024
      4.105866      9.370654      9.370654     18.741308
      4.134478      8.270168      8.270168     16.540336
      4.163090      7.705990      7.705990     15.411981
      4.191702      7.940748      7.940748     15.881495
      4.220315      8.854597      8.854597     17.709194
      4.248927     10.032991     10.032991     20.065982
      4.277539     10.961821     10.961821     21.923642
      4.306152     11.217451     11.217451     22.434902
      4.334764     10.610830     10.610830     21.221659
      4.363376      9.277212      9.277212     18.554424
      4.391989      7.659887      7.659887     15.319774
      4.420601      6.347408      6.347408     12.694815
      4.449213      5.831734      5.831734     11.663467
      4.477825      6.316395      6.316395     12.632791
      4.506438      7.647025      7.647025     15.294049
      4.535050      9.365294      9.365294     18.730588
      4.563662     10.869747     10.869747     21.739494
      4.592275     11.647331     11.647331     23.294662
      4.620887     11.487554     11.487554     22.975108
      4.649499     10.568195     10.568195     21.136390
      4.678112      9.362827      9.362827     18.725655
      4.706724      8.432114      8.432114     16.864228
      4.735336      8.220737      8.220737     16.441474
      4.763948      8.933606      8.933606     17.867212
      4.792561     10.482865     10.482865     20.965730
      4.821173     12.488590     12.488590     24.977180
      4.849785     14.366737     14.366737     28.733474
      4.878398     15.544609     15.544609     31.089218
      4.907010     15.755651     15.755651     31.511301
      4.935622     15.237370     15.237370     30.474739
      4.964235     14.633301     14.633301     29.266603
      4.992847     14.596525     14.596525     29.193051
      5.021459     15.377235     15.377235     30.754470
      5.050072     16.722349     16.722349     33.444697
      5.078684     18.125801     18.125801     36.251601
      5.107296     19.169231     19.169231     38.338463
      5.135908     19.702852     19.702852     39.405705
      5.164521     19.836266     19.836266     39.672532
      5.193133     19.834617     19.834617     39.669233
      5.221745     19.978939     19.978939     39.957878
      5.250358     20.423419     20.423419     40.846838
      5.278970     21.130892     21.130892     42.261785
      5.307582     21.950301     21.950301     43.900602
      5.336195     22.762851     22.762851     45.525702
      5.364807     23.546784     23.546784     47.093568
      5.393419     24.318469     24.318469     48.636938
      5.422031     25.053060     25.053060     50.106121
      5.450644     25.685762     25.685762     51.371525
      5.479256     26.180473     26.180473     52.360946
      5.507868     26.575807     26.575807     53.151615
      5.536481     26.938932     26.938932     53.877863
      5.565093     27.250135     27.250135     54.500270
      5.593705     27.349650     27.349650     54.699299
      5.622318     27.079106     27.079106     54.158212
      5.650930     26.547336     26.547336     53.094672
      5.679542     26.222673     26.222673     52.445345
      5.708155     26.650526     26.650526     53.301052
      5.736767     28.006157     28.006157     56.012315
      5.765379     29.927497     29.927497     59.854994
      5.793991     31.806388     31.806388     63.612775
      5.822604     33.260261     33.260261     66.520522
      5.851216     34.374421     34.374421     68.748843
      5.879828     35.567212     35.567212     71.134425
      5.908441     37.243509     37.243509     74.487019
      5.937053     39.498929     39.498929     78.997858
      5.965665     42.038475     42.038475     84.076950
      5.994278     44.315288     44.315288     88.630576
      6.022890     45.773453     45.773453     91.546907
      6.051502     46.051919     46.051919     92.103839
      6.080114     45.083290     45.083290     90.166580
      6.108727     43.117325     43.117325     86.234650
      6.137339     40.708798     40.708798     81.417597
      6.165951     38.640308     38.640308     77.280616
      6.194564     37.720867     37.720867     75.441734
      6.223176     38.481868     38.481868     76.963736
      6.251788     40.910660     40.910660     81.821320
      6.280401     44.397998     44.397998     88.795995
      6.309013     47.984506     47.984506     95.969013
      6.337625     50.804876     50.804876    101.609752
      6.366237     52.453925     52.453925    104.907851
      6.394850     53.021813     53.021813    106.043627
      6.423462     52.830563     52.830563    105.661126
      6.452074     52.182384     52.182384    104.364769
      6.480687     51.352888     51.352888    102.705776
      6.509299     50.703867     50.703867    101.407733
      6.537911     50.623915     50.623915    101.247830
      6.566524     51.264800     51.264800    102.529600
      6.595136     52.370173     52.370173    104.740345
      6.623748     53.432127     53.432127    106.864254
      6.652361     54.047414     54.047414    108.094827
      6.680973     54.167427     54.167427    108.334854
      6.709585     54.116269     54.116269    108.232538
      6.738197     54.446633     54.446633    108.893266
      6.766810     55.667541     55.667541    111.335083
      6.795422     57.858865     57.858865    115.717729
      6.824034     60.412749     60.412749    120.825499
      6.852647     62.277856     62.277856    124.555712
      6.881259     62.712852     62.712852    125.425705
      6.909871     61.970806     61.970806    123.941611
      6.938484     61.262963     61.262963    122.525926
      6.967096     61.966039     61.966039    123.932079
      6.995708     64.712471     64.712471    129.424942
      7.024320     69.057268     69.057268    138.114535
      7.052933     73.860222     73.860222    147.720443
      7.081545     77.979814     77.979814    155.959627
      7.110157     80.814591     80.814591    161.629181
      7.138770     82.477708     82.477708    164.955417
      7.167382     83.578050     83.578050    167.156101
      7.195994     84.720186     84.720186    169.440372
      7.224607     86.048474     86.048474    172.096948
      7.253219     87.211912     87.211912    174.423823
      7.281831     87.788163     87.788163    175.576326
      7.310443     87.771152     87.771152    175.542305
      7.339056     87.680646     87.680646    175.361292
      7.367668     88.232830     88.232830    176.465659
      7.396280     89.891901     89.891901    179.783802
      7.424893     92.636519     92.636519    185.273038
      7.453505     96.004418     96.004418    192.008837
      7.482117     99.284544     99.284544    198.569087
      7.510730    101.757009    101.757009    203.514018
      7.539342    102.940453    102.940453    205.880907
      7.567954    102.744070    102.744070    205.488140
      7.596567    101.404634    101.404634    202.809268
      7.625179     99.276768     99.276768    198.553536
      7.653791     96.708283     96.708283    193.416566
      7.682403     94.074104     94.074104    188.148207
      7.711016     91.766699     91.766699    183.533397
      7.739628     90.000403     90.000403    180.000805
      7.768240     88.621071     88.621071    177.242142
      7.796853     87.202234     87.202234    174.404467
      7.825465     85.396645     85.396645    170.793291
      7.854077     83.233952     83.233952    166.467904
      7.882690     81.148696     81.148696    162.297393
      7.911302     79.768166     79.768166    159.536332
      7.939914     79.574837     79.574837    159.149674
      7.968526     80.571801     80.571801    161.143603
      7.997139     82.171252     82.171252    164.342505
      8.025751     83.488710     83.488710    166.977421
      8.054363     83.885802     83.885802    167.771603
      8.082976     83.299712     83.299712    166.599424
      8.111588     82.076158     82.076158    164.152316
      8.140200     80.539538     80.539538    161.079077
      8.168813     78.769465     78.769465    157.538931
      8.197425     76.743138     76.743138    153.486275
      8.226037     74.591979     74.591979    149.183959
      8.254649     72.701125     72.701125    145.402249
      8.283262     71.618811     71.618811    143.237623
      8.311874     71.827904     71.827904    143.655809
      8.340486     73.389128     73.389128    146.778256
      8.369099     75.613916     75.613916    151.227832
      8.397711     77.165774     77.165774    154.331548
      8.426323     76.811316     76.811316    153.622632
      8.454936     74.378237     74.378237    148.756474
      8.483548     71.077713     71.077713    142.155425
      8.512160     68.846098     68.846098    137.692196
      8.540773     69.259533     69.259533    138.519066
      8.569385     72.824927     72.824927    145.649854
      8.597997     78.893800     78.893800    157.787600
      8.626609     85.939294     85.939294    171.878587
      8.655222     92.014307     92.014307    184.028613
      8.683834     95.412082     95.412082    190.824165
      8.712446     95.364376     95.364376    190.728751
      8.741059     92.339644     92.339644    184.679288
      8.769671     87.699632     87.699632    175.399265
      8.798283     83.007939     83.007939    166.015878
      8.826896     79.535141     79.535141    159.070283
      8.855508     78.199616     78.199616    156.399233
      8.884120     79.683643     79.683643    159.367285
      8.912732     84.332737     84.332737    168.665475
      8.941345     91.809539     91.809539    183.619078
      8.969957    100.851067    100.851067    201.702135
      8.998569    109.436054    109.436054    218.872108
      9.027182    115.385793    115.385793    230.771586
      9.055794    117.204647    117.204647    234.409295
      9.084406    114.766657    114.766657    229.533315
      9.113019    109.367980    109.367980    218.735961
      9.141631    103.051977    103.051977    206.103955
      9.170243     97.728014     97.728014    195.456027
      9.198856     94.654584     94.654584    189.309168
      9.227468     94.314585     94.314585    188.629170
      9.256080     96.415472     96.415472    192.830945
      9.284692    100.003095    100.003095    200.006189
      9.313305    103.861696    103.861696    207.723392
      9.341917    107.080069    107.080069    214.160139
      9.370529    109.344067    109.344067    218.688134
      9.399142    110.730674    110.730674    221.461348
      9.427754    111.322548    111.322548    222.645096
      9.456366    111.095239    111.095239    222.190478
      9.484979    110.058741    110.058741    220.117481
      9.513591    108.268526    108.268526    216.537052
      9.542203    105.619638    105.619638    211.239277
      9.570815    101.818996    101.818996    203.637992
      9.599428     96.795367     96.795367    193.590735
      9.628040     91.174468     91.174468    182.348935
      9.656652     86.206331     86.206331    172.412661
      9.685265     83.061517     83.061517    166.123034
      9.713877     82.064367     82.064367    164.128735
      9.742489     82.455479     82.455479    164.910958
      9.771102     82.785170     82.785170    165.570340
      9.799714     81.662454     81.662454    163.324909
      9.828326     78.502271     78.502271    157.004542
      9.856938     73.873367     73.873367    147.746734
      9.885551     69.120695     69.120695    138.241390
      9.914163     65.432739     65.432739    130.865478
      9.942775     63.124743     63.124743    126.249486
      9.971388     61.783430     61.783430    123.566860
     10.000000     61.020850     61.020850    122.041700
