# EIG2DOS: Utility for SIESTA to obtain the electronic density of states
#  E. Artacho, Apr 1999, A. Garcia, Apr 2012
# ------------------------------------------
# Eigenvalues read from 3mos2-3graphene.EIG
# Using smearing parameter:   0.100
# Using    700 points in energy range
# Selected bands: 1 to: 3918
# Emin, emax in file for selected band(s):    -22.9728800    160.0753000
# Nbands, Nspin, Nk   =   3918     1    13
# E_F                 =    -4.7872 eV --> (shifted to ZERO)
# Broadening          =     0.1000 eV
#
#        E            N(up)  (=)   N(down)         Ntot
    -10.000000     11.602058     11.602058     23.204116
     -9.971388     10.988690     10.988690     21.977381
     -9.942775     10.352633     10.352633     20.705267
     -9.914163      9.868845      9.868845     19.737691
     -9.885551      9.584630      9.584630     19.169261
     -9.856938      9.449943      9.449943     18.899886
     -9.828326      9.427299      9.427299     18.854597
     -9.799714      9.558583      9.558583     19.117165
     -9.771102      9.922634      9.922634     19.845269
     -9.742489     10.524146     10.524146     21.048293
     -9.713877     11.212469     11.212469     22.424938
     -9.685265     11.716277     11.716277     23.432555
     -9.656652     11.795381     11.795381     23.590762
     -9.628040     11.392762     11.392762     22.785524
     -9.599428     10.646290     10.646290     21.292580
     -9.570815      9.756904      9.756904     19.513808
     -9.542203      8.856696      8.856696     17.713393
     -9.513591      7.995775      7.995775     15.991549
     -9.484979      7.227003      7.227003     14.454005
     -9.456366      6.691115      6.691115     13.382230
     -9.427754      6.626251      6.626251     13.252501
     -9.399142      7.273009      7.273009     14.546018
     -9.370529      8.707196      8.707196     17.414392
     -9.341917     10.709985     10.709985     21.419971
     -9.313305     12.797928     12.797928     25.595856
     -9.284692     14.429501     14.429501     28.859001
     -9.256080     15.269851     15.269851     30.539703
     -9.227468     15.350177     15.350177     30.700354
     -9.198856     15.019449     15.019449     30.038898
     -9.170243     14.708275     14.708275     29.416549
     -9.141631     14.650443     14.650443     29.300886
     -9.113019     14.749421     14.749421     29.498843
     -9.084406     14.677945     14.677945     29.355890
     -9.055794     14.131994     14.131994     28.263988
     -9.027182     13.064613     13.064613     26.129227
     -8.998569     11.755891     11.755891     23.511781
     -8.969957     10.687913     10.687913     21.375826
     -8.941345     10.309951     10.309951     20.619903
     -8.912732     10.826968     10.826968     21.653936
     -8.884120     12.107074     12.107074     24.214149
     -8.855508     13.740227     13.740227     27.480454
     -8.826896     15.230843     15.230843     30.461686
     -8.798283     16.247068     16.247068     32.494136
     -8.769671     16.791531     16.791531     33.583062
     -8.741059     17.171877     17.171877     34.343754
     -8.712446     17.757743     17.757743     35.515486
     -8.683834     18.664765     18.664765     37.329530
     -8.655222     19.605064     19.605064     39.210128
     -8.626609     20.060157     20.060157     40.120314
     -8.597997     19.668442     19.668442     39.336884
     -8.569385     18.512475     18.512475     37.024950
     -8.540773     17.070003     17.070003     34.140005
     -8.512160     15.884126     15.884126     31.768252
     -8.483548     15.233038     15.233038     30.466077
     -8.454936     15.051966     15.051966     30.103931
     -8.426323     15.118071     15.118071     30.236141
     -8.397711     15.273501     15.273501     30.547003
     -8.369099     15.464781     15.464781     30.929561
     -8.340486     15.616342     15.616342     31.232684
     -8.311874     15.557873     15.557873     31.115746
     -8.283262     15.148422     15.148422     30.296844
     -8.254649     14.473583     14.473583     28.947165
     -8.226037     13.866923     13.866923     27.733845
     -8.197425     13.697254     13.697254     27.394508
     -8.168813     14.131830     14.131830     28.263659
     -8.140200     15.079592     15.079592     30.159184
     -8.111588     16.283067     16.283067     32.566133
     -8.082976     17.423543     17.423543     34.847086
     -8.054363     18.223872     18.223872     36.447745
     -8.025751     18.595272     18.595272     37.190544
     -7.997139     18.748527     18.748527     37.497054
     -7.968526     19.105459     19.105459     38.210918
     -7.939914     19.987526     19.987526     39.975052
     -7.911302     21.287992     21.287992     42.575983
     -7.882690     22.408644     22.408644     44.817287
     -7.854077     22.579885     22.579885     45.159770
     -7.825465     21.391160     21.391160     42.782321
     -7.796853     19.144351     19.144351     38.288701
     -7.768240     16.707015     16.707015     33.414029
     -7.739628     14.917568     14.917568     29.835136
     -7.711016     14.008520     14.008520     28.017040
     -7.682403     13.543927     13.543927     27.087854
     -7.653791     12.908164     12.908164     25.816328
     -7.625179     11.879788     11.879788     23.759576
     -7.596567     10.804527     10.804527     21.609054
     -7.567954     10.310277     10.310277     20.620555
     -7.539342     10.873790     10.873790     21.747581
     -7.510730     12.547325     12.547325     25.094650
     -7.482117     14.951161     14.951161     29.902322
     -7.453505     17.485437     17.485437     34.970875
     -7.424893     19.637387     19.637387     39.274774
     -7.396280     21.205385     21.205385     42.410770
     -7.367668     22.289516     22.289516     44.579033
     -7.339056     23.069798     23.069798     46.139596
     -7.310443     23.578567     23.578567     47.157133
     -7.281831     23.660670     23.660670     47.321340
     -7.253219     23.112685     23.112685     46.225371
     -7.224607     21.843378     21.843378     43.686756
     -7.195994     19.943358     19.943358     39.886716
     -7.167382     17.674250     17.674250     35.348501
     -7.138770     15.427676     15.427676     30.855352
     -7.110157     13.658449     13.658449     27.316899
     -7.081545     12.764307     12.764307     25.528615
     -7.052933     12.933159     12.933159     25.866318
     -7.024320     14.062827     14.062827     28.125655
     -6.995708     15.849514     15.849514     31.699029
     -6.967096     17.997727     17.997727     35.995454
     -6.938484     20.380577     20.380577     40.761153
     -6.909871     23.037585     23.037585     46.075170
     -6.881259     26.060309     26.060309     52.120618
     -6.852647     29.486246     29.486246     58.972493
     -6.824034     33.269080     33.269080     66.538159
     -6.795422     37.322504     37.322504     74.645009
     -6.766810     41.575034     41.575034     83.150067
     -6.738197     45.937447     45.937447     91.874894
     -6.709585     50.179110     50.179110    100.358220
     -6.680973     53.901373     53.901373    107.802746
     -6.652361     56.778807     56.778807    113.557615
     -6.623748     58.894008     58.894008    117.788016
     -6.595136     60.752845     60.752845    121.505689
     -6.566524     62.865452     62.865452    125.730903
     -6.537911     65.319761     65.319761    130.639522
     -6.509299     67.848743     67.848743    135.697487
     -6.480687     70.336495     70.336495    140.672989
     -6.452074     73.174666     73.174666    146.349333
     -6.423462     77.040743     77.040743    154.081487
     -6.394850     82.346800     82.346800    164.693600
     -6.366237     88.960515     88.960515    177.921030
     -6.337625     96.407035     96.407035    192.814069
     -6.309013    104.188355    104.188355    208.376710
     -6.280401    111.862271    111.862271    223.724543
     -6.251788    118.974789    118.974789    237.949578
     -6.223176    125.100883    125.100883    250.201767
     -6.194564    129.960087    129.960087    259.920175
     -6.165951    133.404192    133.404192    266.808383
     -6.137339    135.287138    135.287138    270.574277
     -6.108727    135.418129    135.418129    270.836257
     -6.080114    133.678270    133.678270    267.356541
     -6.051502    130.181857    130.181857    260.363713
     -6.022890    125.336087    125.336087    250.672174
     -5.994278    119.741191    119.741191    239.482381
     -5.965665    113.986540    113.986540    227.973079
     -5.937053    108.511372    108.511372    217.022745
     -5.908441    103.654281    103.654281    207.308561
     -5.879828     99.743495     99.743495    199.486989
     -5.851216     96.940632     96.940632    193.881265
     -5.822604     94.885359     94.885359    189.770717
     -5.793991     92.626071     92.626071    185.252142
     -5.765379     89.169659     89.169659    178.339319
     -5.736767     84.290857     84.290857    168.581713
     -5.708155     78.847854     78.847854    157.695708
     -5.679542     74.252945     74.252945    148.505890
     -5.650930     71.480743     71.480743    142.961485
     -5.622318     70.350061     70.350061    140.700122
     -5.593705     69.611106     69.611106    139.222212
     -5.565093     67.815729     67.815729    135.631458
     -5.536481     64.347433     64.347433    128.694865
     -5.507868     59.812975     59.812975    119.625950
     -5.479256     55.545975     55.545975    111.091951
     -5.450644     52.748021     52.748021    105.496042
     -5.422031     51.955973     51.955973    103.911947
     -5.393419     53.031876     53.031876    106.063752
     -5.364807     55.440906     55.440906    110.881812
     -5.336195     58.587955     58.587955    117.175910
     -5.307582     62.129355     62.129355    124.258709
     -5.278970     66.195510     66.195510    132.391019
     -5.250358     71.438013     71.438013    142.876026
     -5.221745     78.829816     78.829816    157.659632
     -5.193133     89.178094     89.178094    178.356189
     -5.164521    102.467396    102.467396    204.934792
     -5.135908    117.447764    117.447764    234.895529
     -5.107296    131.903703    131.903703    263.807407
     -5.078684    143.510216    143.510216    287.020431
     -5.050072    150.652779    150.652779    301.305557
     -5.021459    152.745899    152.745899    305.491798
     -4.992847    150.143123    150.143123    300.286246
     -4.964235    143.912900    143.912900    287.825801
     -4.935622    135.537351    135.537351    271.074702
     -4.907010    126.507501    126.507501    253.015002
     -4.878398    117.906615    117.906615    235.813230
     -4.849785    110.118066    110.118066    220.236132
     -4.821173    102.792157    102.792157    205.584313
     -4.792561     95.211422     95.211422    190.422844
     -4.763948     86.975610     86.975610    173.951221
     -4.735336     78.537326     78.537326    157.074653
     -4.706724     71.097601     71.097601    142.195202
     -4.678112     65.922705     65.922705    131.845409
     -4.649499     63.695739     63.695739    127.391479
     -4.620887     64.432987     64.432987    128.865974
     -4.592275     67.867201     67.867201    135.734402
     -4.563662     73.732110     73.732110    147.464220
     -4.535050     81.604801     81.604801    163.209602
     -4.506438     90.606919     90.606919    181.213839
     -4.477825     99.529094     99.529094    199.058188
     -4.449213    107.461978    107.461978    214.923957
     -4.420601    114.351835    114.351835    228.703671
     -4.391989    120.853332    120.853332    241.706665
     -4.363376    127.506864    127.506864    255.013727
     -4.334764    133.921152    133.921152    267.842304
     -4.306152    138.651251    138.651251    277.302502
     -4.277539    139.899026    139.899026    279.798051
     -4.248927    136.577249    136.577249    273.154497
     -4.220315    129.063323    129.063323    258.126646
     -4.191702    119.165287    119.165287    238.330574
     -4.163090    109.300808    109.300808    218.601616
     -4.134478    101.392853    101.392853    202.785706
     -4.105866     96.155103     96.155103    192.310206
     -4.077253     93.124149     93.124149    186.248298
     -4.048641     91.265390     91.265390    182.530780
     -4.020029     89.656384     89.656384    179.312768
     -3.991416     87.821088     87.821088    175.642176
     -3.962804     85.639911     85.639911    171.279821
     -3.934192     83.103809     83.103809    166.207618
     -3.905579     80.218020     80.218020    160.436040
     -3.876967     77.078411     77.078411    154.156822
     -3.848355     73.902132     73.902132    147.804263
     -3.819742     70.897688     70.897688    141.795376
     -3.791130     68.129714     68.129714    136.259429
     -3.762518     65.576513     65.576513    131.153026
     -3.733906     63.342640     63.342640    126.685280
     -3.705293     61.784108     61.784108    123.568217
     -3.676681     61.363675     61.363675    122.727349
     -3.648069     62.313478     62.313478    124.626956
     -3.619456     64.401657     64.401657    128.803313
     -3.590844     67.044788     67.044788    134.089577
     -3.562232     69.668015     69.668015    139.336030
     -3.533619     71.952468     71.952468    143.904936
     -3.505007     73.797419     73.797419    147.594837
     -3.476395     75.217392     75.217392    150.434785
     -3.447783     76.379356     76.379356    152.758712
     -3.419170     77.605267     77.605267    155.210534
     -3.390558     79.133494     79.133494    158.266988
     -3.361946     80.871572     80.871572    161.743145
     -3.333333     82.514530     82.514530    165.029061
     -3.304721     83.935440     83.935440    167.870880
     -3.276109     85.394362     85.394362    170.788724
     -3.247496     87.358621     87.358621    174.717241
     -3.218884     90.124891     90.124891    180.249783
     -3.190272     93.518867     93.518867    187.037734
     -3.161660     96.883193     96.883193    193.766387
     -3.133047     99.464911     99.464911    198.929822
     -3.104435    100.989131    100.989131    201.978261
     -3.075823    101.864530    101.864530    203.729060
     -3.047210    102.700290    102.700290    205.400581
     -3.018598    103.566968    103.566968    207.133936
     -2.989986    103.813473    103.813473    207.626946
     -2.961373    102.706645    102.706645    205.413289
     -2.932761    100.252271    100.252271    200.504541
     -2.904149     97.296753     97.296753    194.593505
     -2.875536     94.727474     94.727474    189.454947
     -2.846924     92.576963     92.576963    185.153926
     -2.818312     90.011162     90.011162    180.022325
     -2.789700     86.261934     86.261934    172.523867
     -2.761087     81.525498     81.525498    163.050996
     -2.732475     76.891147     76.891147    153.782293
     -2.703863     73.437850     73.437850    146.875701
     -2.675250     71.474571     71.474571    142.949142
     -2.646638     70.601919     70.601919    141.203838
     -2.618026     70.330629     70.330629    140.661259
     -2.589413     70.515176     70.515176    141.030352
     -2.560801     71.229337     71.229337    142.458673
     -2.532189     72.359328     72.359328    144.718657
     -2.503577     73.431020     73.431020    146.862040
     -2.474964     73.881367     73.881367    147.762734
     -2.446352     73.505538     73.505538    147.011076
     -2.417740     72.624068     72.624068    145.248135
     -2.389127     71.788939     71.788939    143.577878
     -2.360515     71.323129     71.323129    142.646258
     -2.331903     71.171236     71.171236    142.342472
     -2.303290     71.185202     71.185202    142.370403
     -2.274678     71.449253     71.449253    142.898505
     -2.246066     72.223244     72.223244    144.446488
     -2.217454     73.632350     73.632350    147.264700
     -2.188841     75.603334     75.603334    151.206669
     -2.160229     78.172228     78.172228    156.344456
     -2.131617     81.683689     81.683689    163.367378
     -2.103004     86.473154     86.473154    172.946309
     -2.074392     92.306596     92.306596    184.613192
     -2.045780     98.214996     98.214996    196.429991
     -2.017167    102.946893    102.946893    205.893786
     -1.988555    105.626093    105.626093    211.252186
     -1.959943    106.058064    106.058064    212.116128
     -1.931330    104.545541    104.545541    209.091082
     -1.902718    101.543662    101.543662    203.087323
     -1.874106     97.505639     97.505639    195.011279
     -1.845494     92.901193     92.901193    185.802387
     -1.816881     88.185005     88.185005    176.370010
     -1.788269     83.686459     83.686459    167.372918
     -1.759657     79.558874     79.558874    159.117747
     -1.731044     75.790450     75.790450    151.580900
     -1.702432     72.192092     72.192092    144.384184
     -1.673820     68.441487     68.441487    136.882974
     -1.645207     64.294046     64.294046    128.588093
     -1.616595     59.799840     59.799840    119.599680
     -1.587983     55.252679     55.252679    110.505357
     -1.559371     50.911853     50.911853    101.823706
     -1.530758     46.832125     46.832125     93.664250
     -1.502146     42.969199     42.969199     85.938398
     -1.473534     39.354729     39.354729     78.709458
     -1.444921     36.085914     36.085914     72.171827
     -1.416309     33.164737     33.164737     66.329474
     -1.387697     30.419158     30.419158     60.838317
     -1.359084     27.627887     27.627887     55.255775
     -1.330472     24.747054     24.747054     49.494107
     -1.301860     22.032100     22.032100     44.064200
     -1.273247     19.914040     19.914040     39.828080
     -1.244635     18.684395     18.684395     37.368790
     -1.216023     18.236290     18.236290     36.472581
     -1.187411     18.097992     18.097992     36.195983
     -1.158798     17.748105     17.748105     35.496210
     -1.130186     16.955786     16.955786     33.911572
     -1.101574     15.873884     15.873884     31.747767
     -1.072961     14.823388     14.823388     29.646775
     -1.044349     13.968582     13.968582     27.937164
     -1.015737     13.176240     13.176240     26.352480
     -0.987124     12.171313     12.171313     24.342627
     -0.958512     10.815133     10.815133     21.630266
     -0.929900      9.247231      9.247231     18.494462
     -0.901288      7.804988      7.804988     15.609977
     -0.872675      6.824340      6.824340     13.648681
     -0.844063      6.455274      6.455274     12.910548
     -0.815451      6.569592      6.569592     13.139183
     -0.786838      6.802783      6.802783     13.605566
     -0.758226      6.733827      6.733827     13.467654
     -0.729614      6.123096      6.123096     12.246193
     -0.701001      5.062410      5.062410     10.124821
     -0.672389      3.933663      3.933663      7.867325
     -0.643777      3.200440      3.200440      6.400881
     -0.615165      3.154740      3.154740      6.309480
     -0.586552      3.748071      3.748071      7.496141
     -0.557940      4.593338      4.593338      9.186675
     -0.529328      5.160324      5.160324     10.320647
     -0.500715      5.078541      5.078541     10.157082
     -0.472103      4.352495      4.352495      8.704990
     -0.443491      3.326695      3.326695      6.653390
     -0.414878      2.435663      2.435663      4.871326
     -0.386266      1.944935      1.944935      3.889871
     -0.357654      1.858703      1.858703      3.717406
     -0.329041      2.001608      2.001608      4.003215
     -0.300429      2.161526      2.161526      4.323051
     -0.271817      2.189156      2.189156      4.378313
     -0.243205      2.030013      2.030013      4.060025
     -0.214592      1.719402      1.719402      3.438805
     -0.185980      1.364042      1.364042      2.728084
     -0.157368      1.105497      1.105497      2.210993
     -0.128755      1.062261      1.062261      2.124522
     -0.100143      1.273600      1.273600      2.547199
     -0.071531      1.680220      1.680220      3.360439
     -0.042918      2.160483      2.160483      4.320966
     -0.014306      2.609529      2.609529      5.219058
      0.014306      3.018361      3.018361      6.036721
      0.042918      3.497548      3.497548      6.995096
      0.071531      4.213635      4.213635      8.427270
      0.100143      5.267389      5.267389     10.534778
      0.128755      6.604586      6.604586     13.209173
      0.157368      8.045570      8.045570     16.091139
      0.185980      9.423630      9.423630     18.847261
      0.214592     10.713185     10.713185     21.426369
      0.243205     12.030566     12.030566     24.061132
      0.271817     13.527062     13.527062     27.054124
      0.300429     15.332220     15.332220     30.664440
      0.329041     17.672024     17.672024     35.344047
      0.357654     21.067671     21.067671     42.135342
      0.386266     26.334985     26.334985     52.669970
      0.414878     34.203154     34.203154     68.406308
      0.443491     44.734714     44.734714     89.469428
      0.472103     57.025433     57.025433    114.050866
      0.500715     69.549268     69.549268    139.098535
      0.529328     80.977072     80.977072    161.954144
      0.557940     90.779887     90.779887    181.559773
      0.586552     99.050269     99.050269    198.100539
      0.615165    105.808132    105.808132    211.616263
      0.643777    110.682911    110.682911    221.365821
      0.672389    113.359019    113.359019    226.718038
      0.701001    114.108492    114.108492    228.216985
      0.729614    113.628226    113.628226    227.256451
      0.758226    112.422837    112.422837    224.845675
      0.786838    110.606063    110.606063    221.212127
      0.815451    108.359222    108.359222    216.718445
      0.844063    106.383004    106.383004    212.766007
      0.872675    105.714619    105.714619    211.429239
      0.901288    107.064955    107.064955    214.129910
      0.929900    110.353917    110.353917    220.707834
      0.958512    114.861685    114.861685    229.723369
      0.987124    119.727434    119.727434    239.454868
      1.015737    124.219624    124.219624    248.439249
      1.044349    127.639006    127.639006    255.278012
      1.072961    129.266817    129.266817    258.533635
      1.101574    128.616952    128.616952    257.233904
      1.130186    125.688487    125.688487    251.376973
      1.158798    120.912441    120.912441    241.824882
      1.187411    114.994194    114.994194    229.988387
      1.216023    108.892828    108.892828    217.785657
      1.244635    103.681374    103.681374    207.362748
      1.273247    100.012651    100.012651    200.025302
      1.301860     97.591741     97.591741    195.183482
      1.330472     95.347829     95.347829    190.695659
      1.359084     92.311606     92.311606    184.623211
      1.387697     88.406532     88.406532    176.813064
      1.416309     84.450237     84.450237    168.900473
      1.444921     81.434957     81.434957    162.869914
      1.473534     79.745072     79.745072    159.490144
      1.502146     78.950984     78.950984    157.901969
      1.530758     78.328410     78.328410    156.656820
      1.559371     77.635765     77.635765    155.271530
      1.587983     77.407060     77.407060    154.814119
      1.616595     78.411767     78.411767    156.823533
      1.645207     80.727918     80.727918    161.455837
      1.673820     83.325693     83.325693    166.651387
      1.702432     84.664665     84.664665    169.329329
      1.731044     83.855135     83.855135    167.710270
      1.759657     81.341015     81.341015    162.682030
      1.788269     78.496736     78.496736    156.993471
      1.816881     76.566052     76.566052    153.132103
      1.845494     75.881293     75.881293    151.762587
      1.874106     75.849931     75.849931    151.699861
      1.902718     75.479846     75.479846    150.959693
      1.931330     73.975468     73.975468    147.950935
      1.959943     71.107939     71.107939    142.215878
      1.988555     67.266368     67.266368    134.532735
      2.017167     63.240126     63.240126    126.480252
      2.045780     59.865769     59.865769    119.731538
      2.074392     57.660145     57.660145    115.320291
      2.103004     56.569213     56.569213    113.138425
      2.131617     56.036295     56.036295    112.072591
      2.160229     55.460759     55.460759    110.921519
      2.188841     54.705455     54.705455    109.410911
      2.217454     54.143274     54.143274    108.286548
      2.246066     54.184507     54.184507    108.369014
      2.274678     54.791793     54.791793    109.583585
      2.303290     55.455823     55.455823    110.911646
      2.331903     55.588766     55.588766    111.177531
      2.360515     54.959012     54.959012    109.918024
      2.389127     53.875169     53.875169    107.750338
      2.417740     53.048680     53.048680    106.097359
      2.446352     53.232302     53.232302    106.464603
      2.474964     54.849434     54.849434    109.698869
      2.503577     57.818060     57.818060    115.636120
      2.532189     61.599586     61.599586    123.199172
      2.560801     65.382016     65.382016    130.764032
      2.589413     68.362357     68.362357    136.724713
      2.618026     70.097752     70.097752    140.195504
      2.646638     70.728487     70.728487    141.456974
      2.675250     70.849841     70.849841    141.699683
      2.703863     71.109988     71.109988    142.219977
      2.732475     71.860682     71.860682    143.721363
      2.761087     73.037066     73.037066    146.074132
      2.789700     74.175968     74.175968    148.351935
      2.818312     74.519829     74.519829    149.039657
      2.846924     73.323371     73.323371    146.646741
      2.875536     70.331839     70.331839    140.663677
      2.904149     66.039287     66.039287    132.078574
      2.932761     61.370871     61.370871    122.741743
      2.961373     57.019649     57.019649    114.039298
      2.989986     53.097953     53.097953    106.195906
      3.018598     49.396052     49.396052     98.792104
      3.047210     45.817982     45.817982     91.635964
      3.075823     42.449611     42.449611     84.899223
      3.104435     39.288617     39.288617     78.577234
      3.133047     36.080900     36.080900     72.161800
      3.161660     32.492251     32.492251     64.984502
      3.190272     28.426325     28.426325     56.852651
      3.218884     24.183350     24.183350     48.366700
      3.247496     20.326994     20.326994     40.653988
      3.276109     17.360227     17.360227     34.720455
      3.304721     15.448557     15.448557     30.897113
      3.333333     14.372606     14.372606     28.745212
      3.361946     13.693388     13.693388     27.386775
      3.390558     12.988945     12.988945     25.977890
      3.419170     12.050078     12.050078     24.100156
      3.447783     10.963404     10.963404     21.926809
      3.476395     10.018206     10.018206     20.036412
      3.505007      9.469310      9.469310     18.938619
      3.533619      9.337888      9.337888     18.675776
      3.562232      9.425733      9.425733     18.851465
      3.590844      9.515694      9.515694     19.031387
      3.619456      9.548104      9.548104     19.096208
      3.648069      9.596449      9.596449     19.192898
      3.676681      9.680380      9.680380     19.360760
      3.705293      9.631992      9.631992     19.263983
      3.733906      9.184722      9.184722     18.369445
      3.762518      8.227718      8.227718     16.455437
      3.791130      6.996114      6.996114     13.992228
      3.819742      6.012568      6.012568     12.025136
      3.848355      5.798463      5.798463     11.596926
      3.876967      6.553189      6.553189     13.106378
      3.905579      8.021699      8.021699     16.043399
      3.934192      9.628848      9.628848     19.257695
      3.962804     10.773546     10.773546     21.547092
      3.991416     11.096192     11.096192     22.192384
      4.020029     10.598773     10.598773     21.197547
      4.048641      9.610191      9.610191     19.220381
      4.077253      8.643972      8.643972     17.287945
      4.105866      8.189655      8.189655     16.379310
      4.134478      8.484138      8.484138     16.968275
      4.163090      9.366217      9.366217     18.732435
      4.191702     10.349493     10.349493     20.698986
      4.220315     10.926358     10.926358     21.852716
      4.248927     10.894933     10.894933     21.789867
      4.277539     10.448819     10.448819     20.897638
      4.306152      9.986759      9.986759     19.973518
      4.334764      9.827275      9.827275     19.654549
      4.363376     10.017978     10.017978     20.035957
      4.391989     10.312034     10.312034     20.624069
      4.420601     10.316685     10.316685     20.633369
      4.449213      9.758653      9.758653     19.517306
      4.477825      8.699117      8.699117     17.398234
      4.506438      7.508851      7.508851     15.017702
      4.535050      6.602459      6.602459     13.204918
      4.563662      6.158322      6.158322     12.316644
      4.592275      6.052755      6.052755     12.105510
      4.620887      6.027095      6.027095     12.054191
      4.649499      5.931369      5.931369     11.862737
      4.678112      5.874540      5.874540     11.749081
      4.706724      6.185389      6.185389     12.370778
      4.735336      7.187669      7.187669     14.375338
      4.763948      8.920622      8.920622     17.841245
      4.792561     11.016517     11.016517     22.033033
      4.821173     12.859915     12.859915     25.719829
      4.849785     13.934389     13.934389     27.868779
      4.878398     14.112785     14.112785     28.225569
      4.907010     13.697045     13.697045     27.394091
      4.935622     13.196141     13.196141     26.392283
      4.964235     13.006441     13.006441     26.012881
      4.992847     13.228055     13.228055     26.456110
      5.021459     13.746537     13.746537     27.493073
      5.050072     14.469951     14.469951     28.939902
      5.078684     15.456053     15.456053     30.912105
      5.107296     16.787927     16.787927     33.575855
      5.135908     18.343723     18.343723     36.687446
      5.164521     19.737949     19.737949     39.475897
      5.193133     20.544954     20.544954     41.089909
      5.221745     20.623735     20.623735     41.247470
      5.250358     20.241668     20.241668     40.483337
      5.278970     19.874142     19.874142     39.748284
      5.307582     19.862480     19.862480     39.724960
      5.336195     20.229831     20.229831     40.459662
      5.364807     20.778943     20.778943     41.557885
      5.393419     21.331806     21.331806     42.663611
      5.422031     21.875760     21.875760     43.751520
      5.450644     22.512859     22.512859     45.025719
      5.479256     23.318056     23.318056     46.636112
      5.507868     24.281164     24.281164     48.562328
      5.536481     25.366672     25.366672     50.733345
      5.565093     26.556960     26.556960     53.113920
      5.593705     27.779278     27.779278     55.558557
      5.622318     28.811408     28.811408     57.622816
      5.650930     29.342704     29.342704     58.685407
      5.679542     29.213094     29.213094     58.426187
      5.708155     28.636121     28.636121     57.272242
      5.736767     28.168993     28.168993     56.337987
      5.765379     28.392106     28.392106     56.784213
      5.793991     29.550768     29.550768     59.101537
      5.822604     31.486211     31.486211     62.972421
      5.851216     33.884312     33.884312     67.768624
      5.879828     36.513518     36.513518     73.027037
      5.908441     39.192105     39.192105     78.384210
      5.937053     41.645727     41.645727     83.291453
      5.965665     43.571671     43.571671     87.143341
      5.994278     44.878600     44.878600     89.757200
      6.022890     45.759994     45.759994     91.519987
      6.051502     46.461979     46.461979     92.923957
      6.080114     47.011115     47.011115     94.022230
      6.108727     47.215001     47.215001     94.430003
      6.137339     46.929517     46.929517     93.859034
      6.165951     46.310409     46.310409     92.620819
      6.194564     45.793371     45.793371     91.586742
      6.223176     45.807868     45.807868     91.615735
      6.251788     46.469851     46.469851     92.939702
      6.280401     47.505982     47.505982     95.011964
      6.309013     48.466728     48.466728     96.933457
      6.337625     49.070675     49.070675     98.141349
      6.366237     49.413113     49.413113     98.826225
      6.394850     49.839355     49.839355     99.678709
      6.423462     50.549800     50.549800    101.099600
      6.452074     51.291235     51.291235    102.582469
      6.480687     51.486165     51.486165    102.972329
      6.509299     50.776197     50.776197    101.552394
      6.537911     49.522691     49.522691     99.045383
      6.566524     48.758440     48.758440     97.516879
      6.595136     49.522768     49.522768     99.045536
      6.623748     52.058393     52.058393    104.116785
      6.652361     55.514669     55.514669    111.029338
      6.680973     58.449949     58.449949    116.899899
      6.709585     59.800472     59.800472    119.600945
      6.738197     59.538396     59.538396    119.076792
      6.766810     58.444578     58.444578    116.889156
      6.795422     57.260790     57.260790    114.521580
      6.824034     56.131395     56.131395    112.262790
      6.852647     54.865510     54.865510    109.731020
      6.881259     53.556771     53.556771    107.113543
      6.909871     52.760056     52.760056    105.520112
      6.938484     53.111101     53.111101    106.222202
      6.967096     54.957943     54.957943    109.915887
      6.995708     58.374251     58.374251    116.748502
      7.024320     63.294634     63.294634    126.589268
      7.052933     69.402871     69.402871    138.805741
      7.081545     75.892461     75.892461    151.784923
      7.110157     81.548122     81.548122    163.096245
      7.138770     85.306958     85.306958    170.613915
      7.167382     86.917351     86.917351    173.834702
      7.195994     87.133678     87.133678    174.267356
      7.224607     87.225704     87.225704    174.451408
      7.253219     88.121270     88.121270    176.242540
      7.281831     89.813333     89.813333    179.626667
      7.310443     91.512939     91.512939    183.025878
      7.339056     92.472561     92.472561    184.945122
      7.367668     92.794866     92.794866    185.589732
      7.396280     93.443600     93.443600    186.887200
      7.424893     95.374207     95.374207    190.748415
      7.453505     98.610739     98.610739    197.221477
      7.482117    102.147929    102.147929    204.295859
      7.510730    104.632810    104.632810    209.265619
      7.539342    105.052013    105.052013    210.104027
      7.567954    102.967100    102.967100    205.934199
      7.596567     98.536432     98.536432    197.072863
      7.625179     92.602496     92.602496    185.204992
      7.653791     86.649251     86.649251    173.298502
      7.682403     82.321523     82.321523    164.643046
      7.711016     80.648560     80.648560    161.297119
      7.739628     81.510524     81.510524    163.021047
      7.768240     83.757120     83.757120    167.514239
      7.796853     85.891224     85.891224    171.782447
      7.825465     86.832763     86.832763    173.665527
      7.854077     86.291199     86.291199    172.582397
      7.882690     84.639672     84.639672    169.279344
      7.911302     82.542059     82.542059    165.084117
      7.939914     80.632166     80.632166    161.264331
      7.968526     79.347036     79.347036    158.694073
      7.997139     78.870217     78.870217    157.740434
      8.025751     79.156302     79.156302    158.312605
      8.054363     80.028276     80.028276    160.056552
      8.082976     81.284277     81.284277    162.568554
      8.111588     82.738105     82.738105    165.476210
      8.140200     84.180188     84.180188    168.360377
      8.168813     85.290450     85.290450    170.580899
      8.197425     85.581641     85.581641    171.163282
      8.226037     84.511920     84.511920    169.023840
      8.254649     81.806278     81.806278    163.612556
      8.283262     77.767417     77.767417    155.534835
      8.311874     73.274089     73.274089    146.548177
      8.340486     69.405851     69.405851    138.811702
      8.369099     66.919364     66.919364    133.838728
      8.397711     65.891951     65.891951    131.783902
      8.426323     65.762869     65.762869    131.525737
      8.454936     65.780006     65.780006    131.560013
      8.483548     65.565766     65.565766    131.131531
      8.512160     65.398534     65.398534    130.797068
      8.540773     66.030793     66.030793    132.061587
      8.569385     68.221214     68.221214    136.442428
      8.597997     72.306382     72.306382    144.612765
      8.626609     78.002999     78.002999    156.005999
      8.655222     84.416423     84.416423    168.832847
      8.683834     90.176539     90.176539    180.353077
      8.712446     93.754303     93.754303    187.508606
      8.741059     94.052083     94.052083    188.104166
      8.769671     91.062969     91.062969    182.125939
      8.798283     86.057603     86.057603    172.115206
      8.826896     80.975916     80.975916    161.951831
      8.855508     77.427979     77.427979    154.855958
      8.884120     76.109199     76.109199    152.218397
      8.912732     76.990676     76.990676    153.981352
      8.941345     79.880981     79.880981    159.761963
      8.969957     84.720809     84.720809    169.441617
      8.998569     91.390901     91.390901    182.781801
      9.027182     99.309922     99.309922    198.619844
      9.055794    107.228550    107.228550    214.457101
      9.084406    113.471925    113.471925    226.943851
      9.113019    116.634208    116.634208    233.268416
      9.141631    116.381739    116.381739    232.763477
      9.170243    113.749190    113.749190    227.498380
      9.198856    110.559741    110.559741    221.119481
      9.227468    108.338932    108.338932    216.677864
      9.256080    107.559124    107.559124    215.118247
      9.284692    107.713247    107.713247    215.426495
      9.313305    107.989596    107.989596    215.979192
      9.341917    107.938530    107.938530    215.877060
      9.370529    107.672645    107.672645    215.345291
      9.399142    107.542058    107.542058    215.084117
      9.427754    107.616259    107.616259    215.232517
      9.456366    107.479036    107.479036    214.958071
      9.484979    106.573857    106.573857    213.147714
      9.513591    104.744859    104.744859    209.489718
      9.542203    102.346171    102.346171    204.692343
      9.570815     99.756910     99.756910    199.513820
      9.599428     96.841344     96.841344    193.682688
      9.628040     92.989333     92.989333    185.978666
      9.656652     87.759263     87.759263    175.518526
      9.685265     81.539605     81.539605    163.079209
      9.713877     75.652935     75.652935    151.305870
      9.742489     71.816527     71.816527    143.633053
      9.771102     71.310560     71.310560    142.621120
      9.799714     74.301812     74.301812    148.603625
      9.828326     79.635207     79.635207    159.270414
      9.856938     85.217561     85.217561    170.435122
      9.885551     88.889505     88.889505    177.779009
      9.914163     89.384743     89.384743    178.769485
      9.942775     86.799984     86.799984    173.599968
      9.971388     82.252224     82.252224    164.504449
     10.000000     77.024244     77.024244    154.048488
