# EIG2DOS: Utility for SIESTA to obtain the electronic density of states
#  E. Artacho, Apr 1999, A. Garcia, Apr 2012
# ------------------------------------------
# Eigenvalues read from 3mos2-3graphene.EIG
# Using smearing parameter:   0.100
# Using    700 points in energy range
# Selected bands: 1 to: 3918
# Emin, emax in file for selected band(s):    -22.9868600    160.0330000
# Nbands, Nspin, Nk   =   3918     1    13
# E_F                 =    -4.7883 eV --> (shifted to ZERO)
# Broadening          =     0.1000 eV
#
#        E            N(up)  (=)   N(down)         Ntot
    -10.000000     12.245194     12.245194     24.490387
     -9.971388     10.689125     10.689125     21.378250
     -9.942775      9.163486      9.163486     18.326972
     -9.914163      7.923619      7.923619     15.847238
     -9.885551      7.185461      7.185461     14.370922
     -9.856938      7.100171      7.100171     14.200341
     -9.828326      7.701858      7.701858     15.403716
     -9.799714      8.869208      8.869208     17.738415
     -9.771102     10.346027     10.346027     20.692053
     -9.742489     11.817752     11.817752     23.635505
     -9.713877     12.992948     12.992948     25.985896
     -9.685265     13.646382     13.646382     27.292765
     -9.656652     13.630492     13.630492     27.260985
     -9.628040     12.888978     12.888978     25.777956
     -9.599428     11.481037     11.481037     22.962075
     -9.570815      9.590943      9.590943     19.181886
     -9.542203      7.504794      7.504794     15.009589
     -9.513591      5.570049      5.570049     11.140098
     -9.484979      4.160078      4.160078      8.320156
     -9.456366      3.634739      3.634739      7.269479
     -9.427754      4.267321      4.267321      8.534642
     -9.399142      6.135018      6.135018     12.270036
     -9.370529      9.023971      9.023971     18.047942
     -9.341917     12.427783     12.427783     24.855567
     -9.313305     15.679508     15.679508     31.359016
     -9.284692     18.165391     18.165391     36.330781
     -9.256080     19.503609     19.503609     39.007218
     -9.227468     19.603263     19.603263     39.206526
     -9.198856     18.617860     18.617860     37.235721
     -9.170243     16.867809     16.867809     33.735618
     -9.141631     14.773622     14.773622     29.547245
     -9.113019     12.776700     12.776700     25.553400
     -9.084406     11.222874     11.222874     22.445747
     -9.055794     10.253981     10.253981     20.507962
     -9.027182      9.802060      9.802060     19.604120
     -8.998569      9.720637      9.720637     19.441274
     -8.969957      9.951738      9.951738     19.903476
     -8.941345     10.567717     10.567717     21.135434
     -8.912732     11.644288     11.644288     23.288576
     -8.884120     13.107112     13.107112     26.214224
     -8.855508     14.728452     14.728452     29.456903
     -8.826896     16.279290     16.279290     32.558579
     -8.798283     17.666193     17.666193     35.332386
     -8.769671     18.906239     18.906239     37.812479
     -8.741059     19.979875     19.979875     39.959749
     -8.712446     20.737370     20.737370     41.474740
     -8.683834     20.975807     20.975807     41.951615
     -8.655222     20.613129     20.613129     41.226258
     -8.626609     19.769545     19.769545     39.539090
     -8.597997     18.663505     18.663505     37.327011
     -8.569385     17.441060     17.441060     34.882119
     -8.540773     16.138827     16.138827     32.277653
     -8.512160     14.822647     14.822647     29.645293
     -8.483548     13.718870     13.718870     27.437740
     -8.454936     13.141104     13.141104     26.282209
     -8.426323     13.256328     13.256328     26.512657
     -8.397711     13.940648     13.940648     27.881296
     -8.369099     14.873561     14.873561     29.747122
     -8.340486     15.739804     15.739804     31.479609
     -8.311874     16.320373     16.320373     32.640745
     -8.283262     16.453404     16.453404     32.906808
     -8.254649     16.032392     16.032392     32.064784
     -8.226037     15.127871     15.127871     30.255742
     -8.197425     14.094699     14.094699     28.189397
     -8.168813     13.472540     13.472540     26.945081
     -8.140200     13.689788     13.689788     27.379577
     -8.111588     14.804164     14.804164     29.608328
     -8.082976     16.499715     16.499715     32.999431
     -8.054363     18.330864     18.330864     36.661728
     -8.025751     19.994757     19.994757     39.989513
     -7.997139     21.409187     21.409187     42.818374
     -7.968526     22.568949     22.568949     45.137898
     -7.939914     23.368718     23.368718     46.737435
     -7.911302     23.596469     23.596469     47.192937
     -7.882690     23.092305     23.092305     46.184609
     -7.854077     21.877862     21.877862     43.755724
     -7.825465     20.120251     20.120251     40.240501
     -7.796853     18.007903     18.007903     36.015806
     -7.768240     15.700027     15.700027     31.400053
     -7.739628     13.379423     13.379423     26.758846
     -7.711016     11.291818     11.291818     22.583636
     -7.682403      9.689081      9.689081     19.378161
     -7.653791      8.738725      8.738725     17.477449
     -7.625179      8.503129      8.503129     17.006257
     -7.596567      8.986478      8.986478     17.972956
     -7.567954     10.167483     10.167483     20.334965
     -7.539342     11.986027     11.986027     23.972054
     -7.510730     14.326322     14.326322     28.652644
     -7.482117     17.022968     17.022968     34.045936
     -7.453505     19.864773     19.864773     39.729545
     -7.424893     22.584337     22.584337     45.168673
     -7.396280     24.869247     24.869247     49.738494
     -7.367668     26.422114     26.422114     52.844229
     -7.339056     27.037623     27.037623     54.075247
     -7.310443     26.640257     26.640257     53.280513
     -7.281831     25.269885     25.269885     50.539770
     -7.253219     23.054988     23.054988     46.109976
     -7.224607     20.208510     20.208510     40.417020
     -7.195994     17.036186     17.036186     34.072371
     -7.167382     13.928503     13.928503     27.857006
     -7.138770     11.326661     11.326661     22.653322
     -7.110157      9.664308      9.664308     19.328615
     -7.081545      9.278633      9.278633     18.557266
     -7.052933     10.298784     10.298784     20.597569
     -7.024320     12.572237     12.572237     25.144474
     -6.995708     15.709457     15.709457     31.418913
     -6.967096     19.239943     19.239943     38.479885
     -6.938484     22.758413     22.758413     45.516827
     -6.909871     25.969747     25.969747     51.939494
     -6.881259     28.695033     28.695033     57.390066
     -6.852647     30.938567     30.938567     61.877135
     -6.824034     32.954489     32.954489     65.908978
     -6.795422     35.151904     35.151904     70.303809
     -6.766810     37.845671     37.845671     75.691342
     -6.738197     41.075616     41.075616     82.151233
     -6.709585     44.645536     44.645536     89.291072
     -6.680973     48.271193     48.271193     96.542387
     -6.652361     51.664714     51.664714    103.329427
     -6.623748     54.575855     54.575855    109.151709
     -6.595136     56.896019     56.896019    113.792038
     -6.566524     58.757770     58.757770    117.515539
     -6.537911     60.463854     60.463854    120.927709
     -6.509299     62.290947     62.290947    124.581894
     -6.480687     64.423679     64.423679    128.847358
     -6.452074     67.108906     67.108906    134.217812
     -6.423462     70.777399     70.777399    141.554797
     -6.394850     75.870719     75.870719    151.741438
     -6.366237     82.484341     82.484341    164.968681
     -6.337625     90.197637     90.197637    180.395274
     -6.309013     98.274209     98.274209    196.548418
     -6.280401    106.042260    106.042260    212.084521
     -6.251788    113.151398    113.151398    226.302795
     -6.223176    119.597035    119.597035    239.194069
     -6.194564    125.581002    125.581002    251.162003
     -6.165951    131.266326    131.266326    262.532651
     -6.137339    136.480818    136.480818    272.961636
     -6.108727    140.562865    140.562865    281.125730
     -6.080114    142.583699    142.583699    285.167398
     -6.051502    141.894958    141.894958    283.789917
     -6.022890    138.583150    138.583150    277.166301
     -5.994278    133.425989    133.425989    266.851978
     -5.965665    127.386600    127.386600    254.773200
     -5.937053    121.089075    121.089075    242.178150
     -5.908441    114.685477    114.685477    229.370955
     -5.879828    108.134462    108.134462    216.268923
     -5.851216    101.564854    101.564854    203.129709
     -5.822604     95.379503     95.379503    190.759006
     -5.793991     90.036194     90.036194    180.072387
     -5.765379     85.756491     85.756491    171.512981
     -5.736767     82.467050     82.467050    164.934100
     -5.708155     80.000703     80.000703    160.001405
     -5.679542     78.258144     78.258144    156.516288
     -5.650930     77.065522     77.065522    154.131044
     -5.622318     75.887977     75.887977    151.775954
     -5.593705     73.857002     73.857002    147.714004
     -5.565093     70.282223     70.282223    140.564445
     -5.536481     65.230816     65.230816    130.461631
     -5.507868     59.607016     59.607016    119.214031
     -5.479256     54.653067     54.653067    109.306134
     -5.450644     51.315206     51.315206    102.630412
     -5.422031     49.905940     49.905940     99.811880
     -5.393419     50.129383     50.129383    100.258766
     -5.364807     51.328848     51.328848    102.657696
     -5.336195     52.839273     52.839273    105.678545
     -5.307582     54.330564     54.330564    108.661128
     -5.278970     56.003618     56.003618    112.007236
     -5.250358     58.594206     58.594206    117.188411
     -5.221745     63.234021     63.234021    126.468041
     -5.193133     71.142561     71.142561    142.285122
     -5.164521     83.065157     83.065157    166.130314
     -5.135908     98.602175     98.602175    197.204349
     -5.107296    115.911343    115.911343    231.822687
     -5.078684    132.205326    132.205326    264.410652
     -5.050072    144.869003    144.869003    289.738007
     -5.021459    152.440066    152.440066    304.880133
     -4.992847    154.817440    154.817440    309.634879
     -4.964235    152.794328    152.794328    305.588655
     -4.935622    147.497917    147.497917    294.995834
     -4.907010    140.068580    140.068580    280.137160
     -4.878398    131.466020    131.466020    262.932041
     -4.849785    122.301333    122.301333    244.602666
     -4.821173    112.842258    112.842258    225.684517
     -4.792561    103.269355    103.269355    206.538710
     -4.763948     93.965803     93.965803    187.931607
     -4.735336     85.581931     85.581931    171.163862
     -4.706724     78.843099     78.843099    157.686199
     -4.678112     74.215171     74.215171    148.430343
     -4.649499     71.574219     71.574219    143.148438
     -4.620887     70.139463     70.139463    140.278926
     -4.592275     68.928422     68.928422    137.856844
     -4.563662     67.566981     67.566981    135.133961
     -4.535050     66.789585     66.789585    133.579171
     -4.506438     68.109526     68.109526    136.219051
     -4.477825     72.889707     72.889707    145.779414
     -4.449213     81.572213     81.572213    163.144425
     -4.420601     93.588463     93.588463    187.176925
     -4.391989    107.777502    107.777502    215.555004
     -4.363376    122.710205    122.710205    245.420409
     -4.334764    136.601863    136.601863    273.203726
     -4.306152    147.197593    147.197593    294.395186
     -4.277539    152.257470    152.257470    304.514940
     -4.248927    150.621179    150.621179    301.242357
     -4.220315    143.028003    143.028003    286.056006
     -4.191702    131.926429    131.926429    263.852857
     -4.163090    120.350328    120.350328    240.700656
     -4.134478    110.599576    110.599576    221.199151
     -4.105866    103.460446    103.460446    206.920893
     -4.077253     98.331075     98.331075    196.662150
     -4.048641     94.112911     94.112911    188.225821
     -4.020029     90.181235     90.181235    180.362471
     -3.991416     86.646788     86.646788    173.293576
     -3.962804     83.823684     83.823684    167.647369
     -3.934192     81.639288     81.639288    163.278577
     -3.905579     79.646698     79.646698    159.293397
     -3.876967     77.477611     77.477611    154.955222
     -3.848355     75.108739     75.108739    150.217479
     -3.819742     72.697234     72.697234    145.394467
     -3.791130     70.318983     70.318983    140.637966
     -3.762518     67.984657     67.984657    135.969314
     -3.733906     65.885416     65.885416    131.770832
     -3.705293     64.508959     64.508959    129.017917
     -3.676681     64.392890     64.392890    128.785780
     -3.648069     65.663857     65.663857    131.327715
     -3.619456     67.756704     67.756704    135.513409
     -3.590844     69.613115     69.613115    139.226230
     -3.562232     70.307938     70.307938    140.615876
     -3.533619     69.680844     69.680844    139.361688
     -3.505007     68.453208     68.453208    136.906415
     -3.476395     67.686534     67.686534    135.373068
     -3.447783     68.053823     68.053823    136.107647
     -3.419170     69.582039     69.582039    139.164077
     -3.390558     71.980738     71.980738    143.961477
     -3.361946     75.037944     75.037944    150.075887
     -3.333333     78.635165     78.635165    157.270331
     -3.304721     82.521507     82.521507    165.043015
     -3.276109     86.244020     86.244020    172.488039
     -3.247496     89.329265     89.329265    178.658529
     -3.218884     91.507315     91.507315    183.014631
     -3.190272     92.807941     92.807941    185.615883
     -3.161660     93.509351     93.509351    187.018702
     -3.133047     93.981880     93.981880    187.963761
     -3.104435     94.521621     94.521621    189.043242
     -3.075823     95.308012     95.308012    190.616024
     -3.047210     96.496003     96.496003    192.992005
     -3.018598     98.240519     98.240519    196.481039
     -2.989986    100.476662    100.476662    200.953324
     -2.961373    102.633552    102.633552    205.267104
     -2.932761    103.718372    103.718372    207.436744
     -2.904149    102.918647    102.918647    205.837293
     -2.875536    100.246137    100.246137    200.492273
     -2.846924     96.543541     96.543541    193.087082
     -2.818312     92.766881     92.766881    185.533762
     -2.789700     89.238150     89.238150    178.476301
     -2.761087     85.611044     85.611044    171.222087
     -2.732475     81.527298     81.527298    163.054595
     -2.703863     77.241580     77.241580    154.483161
     -2.675250     73.599114     73.599114    147.198228
     -2.646638     71.441361     71.441361    142.882721
     -2.618026     71.016747     71.016747    142.033495
     -2.589413     71.861494     71.861494    143.722989
     -2.560801     73.136260     73.136260    146.272521
     -2.532189     74.080081     74.080081    148.160161
     -2.503577     74.305074     74.305074    148.610149
     -2.474964     73.871901     73.871901    147.743802
     -2.446352     73.166924     73.166924    146.333847
     -2.417740     72.609749     72.609749    145.219498
     -2.389127     72.339445     72.339445    144.678891
     -2.360515     72.130591     72.130591    144.261182
     -2.331903     71.628371     71.628371    143.256742
     -2.303290     70.693090     70.693090    141.386180
     -2.274678     69.571482     69.571482    139.142964
     -2.246066     68.805521     68.805521    137.611042
     -2.217454     68.975094     68.975094    137.950188
     -2.188841     70.435123     70.435123    140.870245
     -2.160229     73.225653     73.225653    146.451306
     -2.131617     77.241455     77.241455    154.482911
     -2.103004     82.472888     82.472888    164.945776
     -2.074392     88.955329     88.955329    177.910658
     -2.045780     96.345243     96.345243    192.690486
     -2.017167    103.553420    103.553420    207.106840
     -1.988555    108.949733    108.949733    217.899466
     -1.959943    111.120947    111.120947    222.241894
     -1.931330    109.617701    109.617701    219.235403
     -1.902718    105.165896    105.165896    210.331791
     -1.874106     99.287831     99.287831    198.575661
     -1.845494     93.617340     93.617340    187.234679
     -1.816881     89.221226     89.221226    178.442452
     -1.788269     86.204669     86.204669    172.409337
     -1.759657     83.849150     83.849150    167.698299
     -1.731044     81.258839     81.258839    162.517679
     -1.702432     78.016998     78.016998    156.033997
     -1.673820     74.259116     74.259116    148.518232
     -1.645207     70.175365     70.175365    140.350731
     -1.616595     65.618076     65.618076    131.236153
     -1.587983     60.327915     60.327915    120.655831
     -1.559371     54.468876     54.468876    108.937752
     -1.530758     48.751808     48.751808     97.503617
     -1.502146     43.946200     43.946200     87.892400
     -1.473534     40.309449     40.309449     80.618898
     -1.444921     37.492564     37.492564     74.985129
     -1.416309     34.907144     34.907144     69.814288
     -1.387697     32.145657     32.145657     64.291314
     -1.359084     29.166497     29.166497     58.332993
     -1.330472     26.231818     26.231818     52.463637
     -1.301860     23.702929     23.702929     47.405859
     -1.273247     21.818840     21.818840     43.637680
     -1.244635     20.591527     20.591527     41.183053
     -1.216023     19.865924     19.865924     39.731847
     -1.187411     19.436467     19.436467     38.872934
     -1.158798     19.083598     19.083598     38.167196
     -1.130186     18.547843     18.547843     37.095686
     -1.101574     17.573231     17.573231     35.146463
     -1.072961     16.048680     16.048680     32.097360
     -1.044349     14.103282     14.103282     28.206565
     -1.015737     12.033193     12.033193     24.066385
     -0.987124     10.138246     10.138246     20.276492
     -0.958512      8.638973      8.638973     17.277946
     -0.929900      7.696044      7.696044     15.392088
     -0.901288      7.394325      7.394325     14.788650
     -0.872675      7.629572      7.629572     15.259144
     -0.844063      8.034549      8.034549     16.069099
     -0.815451      8.105720      8.105720     16.211439
     -0.786838      7.491938      7.491938     14.983876
     -0.758226      6.225480      6.225480     12.450959
     -0.729614      4.714141      4.714141      9.428282
     -0.701001      3.510317      3.510317      7.020634
     -0.672389      3.021625      3.021625      6.043250
     -0.643777      3.319387      3.319387      6.638774
     -0.615165      4.112010      4.112010      8.224021
     -0.586552      4.887259      4.887259      9.774519
     -0.557940      5.176280      5.176280     10.352560
     -0.529328      4.806680      4.806680      9.613361
     -0.500715      3.972167      3.972167      7.944334
     -0.472103      3.062888      3.062888      6.125775
     -0.443491      2.397854      2.397854      4.795708
     -0.414878      2.069739      2.069739      4.139477
     -0.386266      1.982523      1.982523      3.965045
     -0.357654      1.986667      1.986667      3.973334
     -0.329041      1.973124      1.973124      3.946247
     -0.300429      1.885140      1.885140      3.770280
     -0.271817      1.704874      1.704874      3.409747
     -0.243205      1.461956      1.461956      2.923912
     -0.214592      1.238983      1.238983      2.477967
     -0.185980      1.130481      1.130481      2.260962
     -0.157368      1.170292      1.170292      2.340583
     -0.128755      1.294164      1.294164      2.588329
     -0.100143      1.382759      1.382759      2.765519
     -0.071531      1.357123      1.357123      2.714245
     -0.042918      1.247468      1.247468      2.494937
     -0.014306      1.178781      1.178781      2.357563
      0.014306      1.293755      1.293755      2.587510
      0.042918      1.688129      1.688129      3.376257
      0.071531      2.408590      2.408590      4.817179
      0.100143      3.483559      3.483559      6.967119
      0.128755      4.912039      4.912039      9.824079
      0.157368      6.593849      6.593849     13.187698
      0.185980      8.295299      8.295299     16.590599
      0.214592      9.755037      9.755037     19.510073
      0.243205     10.882064     10.882064     21.764128
      0.271817     11.847700     11.847700     23.695400
      0.300429     12.947369     12.947369     25.894738
      0.329041     14.370368     14.370368     28.740736
      0.357654     16.162957     16.162957     32.325914
      0.386266     18.489185     18.489185     36.978369
      0.414878     21.943214     21.943214     43.886427
      0.443491     27.527549     27.527549     55.055098
      0.472103     36.171271     36.171271     72.342542
      0.500715     48.094754     48.094754     96.189507
      0.529328     62.510153     62.510153    125.020306
      0.557940     77.887529     77.887529    155.775058
      0.586552     92.543522     92.543522    185.087044
      0.615165    105.073057    105.073057    210.146114
      0.643777    114.403591    114.403591    228.807182
      0.672389    119.738000    119.738000    239.476000
      0.701001    120.752017    120.752017    241.504034
      0.729614    117.960389    117.960389    235.920778
      0.758226    112.799245    112.799245    225.598490
      0.786838    107.214909    107.214909    214.429819
      0.815451    103.011357    103.011357    206.022714
      0.844063    101.300678    101.300678    202.601356
      0.872675    102.229742    102.229742    204.459485
      0.901288    105.083684    105.083684    210.167368
      0.929900    108.812065    108.812065    217.624131
      0.958512    112.751526    112.751526    225.503053
      0.987124    117.006077    117.006077    234.012154
      1.015737    122.057658    122.057658    244.115316
      1.044349    127.841169    127.841169    255.682337
      1.072961    133.160303    133.160303    266.320607
      1.101574    136.148893    136.148893    272.297786
      1.130186    135.479123    135.479123    270.958247
      1.158798    131.230875    131.230875    262.461750
      1.187411    124.709390    124.709390    249.418780
      1.216023    117.570409    117.570409    235.140817
      1.244635    111.075439    111.075439    222.150878
      1.273247    105.809786    105.809786    211.619573
      1.301860    101.692660    101.692660    203.385320
      1.330472     98.199077     98.199077    196.398153
      1.359084     94.840158     94.840158    189.680316
      1.387697     91.622659     91.622659    183.245317
      1.416309     88.985461     88.985461    177.970923
      1.444921     87.196017     87.196017    174.392033
      1.473534     85.879785     85.879785    171.759570
      1.502146     84.289057     84.289057    168.578115
      1.530758     82.075262     82.075262    164.150524
      1.559371     79.721922     79.721922    159.443844
      1.587983     78.169028     78.169028    156.338056
      1.616595     78.035537     78.035537    156.071075
      1.645207     79.170246     79.170246    158.340493
      1.673820     80.792338     80.792338    161.584675
      1.702432     81.965035     81.965035    163.930070
      1.731044     82.100836     82.100836    164.201671
      1.759657     81.306890     81.306890    162.613780
      1.788269     80.320012     80.320012    160.640025
      1.816881     79.894480     79.894480    159.788959
      1.845494     80.050172     80.050172    160.100344
      1.874106     79.936993     79.936993    159.873987
      1.902718     78.543578     78.543578    157.087157
      1.931330     75.580888     75.580888    151.161776
      1.959943     71.710630     71.710630    143.421260
      1.988555     67.998194     67.998194    135.996388
      2.017167     65.157334     65.157334    130.314669
      2.045780     63.182379     63.182379    126.364758
      2.074392     61.526663     61.526663    123.053326
      2.103004     59.586403     59.586403    119.172805
      2.131617     57.139873     57.139873    114.279746
      2.160229     54.504816     54.504816    109.009631
      2.188841     52.358661     52.358661    104.717323
      2.217454     51.340081     51.340081    102.680161
      2.246066     51.661731     51.661731    103.323461
      2.274678     52.945545     52.945545    105.891091
      2.303290     54.364364     54.364364    108.728727
      2.331903     55.035689     55.035689    110.071378
      2.360515     54.501795     54.501795    109.003590
      2.389127     53.038721     53.038721    106.077441
      2.417740     51.555853     51.555853    103.111706
      2.446352     51.083298     51.083298    102.166596
      2.474964     52.168186     52.168186    104.336372
      2.503577     54.602010     54.602010    109.204020
      2.532189     57.647195     57.647195    115.294390
      2.560801     60.546138     60.546138    121.092275
      2.589413     62.930171     62.930171    125.860342
      2.618026     64.910934     64.910934    129.821868
      2.646638     66.900924     66.900924    133.801847
      2.675250     69.314745     69.314745    138.629489
      2.703863     72.275279     72.275279    144.550557
      2.732475     75.443707     75.443707    150.887414
      2.761087     78.089671     78.089671    156.179341
      2.789700     79.405526     79.405526    158.811053
      2.818312     78.886128     78.886128    157.772256
      2.846924     76.530548     76.530548    153.061097
      2.875536     72.776759     72.776759    145.553518
      2.904149     68.290625     68.290625    136.581250
      2.932761     63.751673     63.751673    127.503346
      2.961373     59.663879     59.663879    119.327758
      2.989986     56.219728     56.219728    112.439455
      3.018598     53.314096     53.314096    106.628192
      3.047210     50.692758     50.692758    101.385516
      3.075823     48.051593     48.051593     96.103186
      3.104435     45.024114     45.024114     90.048229
      3.133047     41.258761     41.258761     82.517521
      3.161660     36.695945     36.695945     73.391890
      3.190272     31.770898     31.770898     63.541795
      3.218884     27.216804     27.216804     54.433609
      3.247496     23.581299     23.581299     47.162598
      3.276109     20.902963     20.902963     41.805925
      3.304721     18.804321     18.804321     37.608642
      3.333333     16.851576     16.851576     33.703152
      3.361946     14.869149     14.869149     29.738297
      3.390558     13.014931     13.014931     26.029861
      3.419170     11.608402     11.608402     23.216803
      3.447783     10.846856     10.846856     21.693713
      3.476395     10.619699     10.619699     21.239398
      3.505007     10.575508     10.575508     21.151017
      3.533619     10.392061     10.392061     20.784123
      3.562232     10.001913     10.001913     20.003826
      3.590844      9.561429      9.561429     19.122858
      3.619456      9.218390      9.218390     18.436780
      3.648069      8.935695      8.935695     17.871390
      3.676681      8.533645      8.533645     17.067291
      3.705293      7.870668      7.870668     15.741337
      3.733906      6.990677      6.990677     13.981354
      3.762518      6.150189      6.150189     12.300377
      3.791130      5.720229      5.720229     11.440459
      3.819742      5.994621      5.994621     11.989243
      3.848355      6.998351      6.998351     13.996703
      3.876967      8.428446      8.428446     16.856892
      3.905579      9.781337      9.781337     19.562674
      3.934192     10.589929     10.589929     21.179858
      3.962804     10.642334     10.642334     21.284669
      3.991416     10.084478     10.084478     20.168955
      4.020029      9.352584      9.352584     18.705169
      4.048641      8.944116      8.944116     17.888232
      4.077253      9.133459      9.133459     18.266919
      4.105866      9.804991      9.804991     19.609981
      4.134478     10.533436     10.533436     21.066872
      4.163090     10.885823     10.885823     21.771646
      4.191702     10.736361     10.736361     21.472721
      4.220315     10.342105     10.342105     20.684211
      4.248927     10.118056     10.118056     20.236113
      4.277539     10.308302     10.308302     20.616605
      4.306152     10.807086     10.807086     21.614171
      4.334764     11.223533     11.223533     22.447067
      4.363376     11.116559     11.116559     22.233119
      4.391989     10.263782     10.263782     20.527563
      4.420601      8.816847      8.816847     17.633694
      4.449213      7.229486      7.229486     14.458971
      4.477825      5.987905      5.987905     11.975810
      4.506438      5.344220      5.344220     10.688440
      4.535050      5.245559      5.245559     10.491118
      4.563662      5.455040      5.455040     10.910079
      4.592275      5.721532      5.721532     11.443065
      4.620887      5.903926      5.903926     11.807851
      4.649499      6.038787      6.038787     12.077573
      4.678112      6.327980      6.327980     12.655959
      4.706724      7.012798      7.012798     14.025595
      4.735336      8.184582      8.184582     16.369164
      4.763948      9.663184      9.663184     19.326369
      4.792561     11.049111     11.049111     22.098221
      4.821173     11.947243     11.947243     23.894486
      4.849785     12.231235     12.231235     24.462470
      4.878398     12.139918     12.139918     24.279836
      4.907010     12.089196     12.089196     24.178392
      4.935622     12.342087     12.342087     24.684174
      4.964235     12.839891     12.839891     25.679782
      4.992847     13.328698     13.328698     26.657396
      5.021459     13.607393     13.607393     27.214786
      5.050072     13.663609     13.663609     27.327217
      5.078684     13.668164     13.668164     27.336328
      5.107296     13.919238     13.919238     27.838476
      5.135908     14.734431     14.734431     29.468861
      5.164521     16.240301     16.240301     32.480602
      5.193133     18.167998     18.167998     36.335996
      5.221745     19.896870     19.896870     39.793739
      5.250358     20.820529     20.820529     41.641057
      5.278970     20.771001     20.771001     41.542002
      5.307582     20.131830     20.131830     40.263661
      5.336195     19.545710     19.545710     39.091420
      5.364807     19.473909     19.473909     38.947817
      5.393419     19.953631     19.953631     39.907262
      5.422031     20.710249     20.710249     41.420498
      5.450644     21.499105     21.499105     42.998210
      5.479256     22.362183     22.362183     44.724366
      5.507868     23.552178     23.552178     47.104355
      5.536481     25.199350     25.199350     50.398700
      5.565093     27.068134     27.068134     54.136267
      5.593705     28.658054     28.658054     57.316107
      5.622318     29.553411     29.553411     59.106823
      5.650930     29.710788     29.710788     59.421575
      5.679542     29.465790     29.465790     58.931580
      5.708155     29.276365     29.276365     58.552730
      5.736767     29.409241     29.409241     58.818482
      5.765379     29.831142     29.831142     59.662284
      5.793991     30.409574     30.409574     60.819148
      5.822604     31.219163     31.219163     62.438327
      5.851216     32.605362     32.605362     65.210724
      5.879828     34.896232     34.896232     69.792464
      5.908441     38.034898     38.034898     76.069795
      5.937053     41.503148     41.503148     83.006297
      5.965665     44.626739     44.626739     89.253478
      5.994278     46.999359     46.999359     93.998718
      6.022890     48.674037     48.674037     97.348074
      6.051502     49.989705     49.989705     99.979409
      6.080114     51.187499     51.187499    102.374998
      6.108727     52.114840     52.114840    104.229680
      6.137339     52.282865     52.282865    104.565729
      6.165951     51.309818     51.309818    102.619637
      6.194564     49.390451     49.390451     98.780903
      6.223176     47.282224     47.282224     94.564447
      6.251788     45.767188     45.767188     91.534375
      6.280401     45.173374     45.173374     90.346747
      6.309013     45.441807     45.441807     90.883614
      6.337625     46.484188     46.484188     92.968376
      6.366237     48.246570     48.246570     96.493139
      6.394850     50.421376     50.421376    100.842751
      6.423462     52.316296     52.316296    104.632591
      6.452074     53.193215     53.193215    106.386429
      6.480687     52.776659     52.776659    105.553318
      6.509299     51.449581     51.449581    102.899161
      6.537911     50.037069     50.037069    100.074138
      6.566524     49.421985     49.421985     98.843971
      6.595136     50.180415     50.180415    100.360829
      6.623748     52.279183     52.279183    104.558367
      6.652361     54.978675     54.978675    109.957350
      6.680973     57.177789     57.177789    114.355577
      6.709585     58.109015     58.109015    116.218031
      6.738197     57.812364     57.812364    115.624728
      6.766810     56.922464     56.922464    113.844928
      6.795422     56.015074     56.015074    112.030149
      6.824034     55.194727     55.194727    110.389453
      6.852647     54.247707     54.247707    108.495415
      6.881259     53.071391     53.071391    106.142781
      6.909871     51.931803     51.931803    103.863605
      6.938484     51.402743     51.402743    102.805486
      6.967096     52.144208     52.144208    104.288416
      6.995708     54.689906     54.689906    109.379811
      7.024320     59.246532     59.246532    118.493063
      7.052933     65.484479     65.484479    130.968957
      7.081545     72.486474     72.486474    144.972947
      7.110157     79.062309     79.062309    158.124619
      7.138770     84.309310     84.309310    168.618620
      7.167382     87.982244     87.982244    175.964489
      7.195994     90.408547     90.408547    180.817094
      7.224607     92.138377     92.138377    184.276753
      7.253219     93.654226     93.654226    187.308452
      7.281831     95.213051     95.213051    190.426102
      7.310443     96.746763     96.746763    193.493526
      7.339056     97.886688     97.886688    195.773376
      7.367668     98.223961     98.223961    196.447922
      7.396280     97.666223     97.666223    195.332445
      7.424893     96.564955     96.564955    193.129910
      7.453505     95.489130     95.489130    190.978261
      7.482117     94.857621     94.857621    189.715243
      7.510730     94.702601     94.702601    189.405201
      7.539342     94.651938     94.651938    189.303875
      7.567954     94.094554     94.094554    188.189109
      7.596567     92.480346     92.480346    184.960691
      7.625179     89.648831     89.648831    179.297662
      7.653791     85.997148     85.997148    171.994295
      7.682403     82.358106     82.358106    164.716211
      7.711016     79.664966     79.664966    159.329933
      7.739628     78.607412     78.607412    157.214824
      7.768240     79.383943     79.383943    158.767887
      7.796853     81.537167     81.537167    163.074335
      7.825465     83.991677     83.991677    167.983354
      7.854077     85.528607     85.528607    171.057213
      7.882690     85.544747     85.544747    171.089493
      7.911302     84.425815     84.425815    168.851630
      7.939914     83.120028     83.120028    166.240056
      7.968526     82.376985     82.376985    164.753969
      7.997139     82.407269     82.407269    164.814538
      8.025751     83.055906     83.055906    166.111811
      8.054363     84.018061     84.018061    168.036123
      8.082976     84.892679     84.892679    169.785359
      8.111588     85.317803     85.317803    170.635606
      8.140200     85.246973     85.246973    170.493947
      8.168813     84.978431     84.978431    169.956862
      8.197425     84.718034     84.718034    169.436068
      8.226037     84.133512     84.133512    168.267023
      8.254649     82.525701     82.525701    165.051401
      8.283262     79.525903     79.525903    159.051807
      8.311874     75.540579     75.540579    151.081158
      8.340486     71.450259     71.450259    142.900518
      8.369099     67.953652     67.953652    135.907305
      8.397711     65.262948     65.262948    130.525897
      8.426323     63.294079     63.294079    126.588158
      8.454936     61.942524     61.942524    123.885049
      8.483548     61.166479     61.166479    122.332957
      8.512160     60.996499     60.996499    121.992998
      8.540773     61.616326     61.616326    123.232653
      8.569385     63.415670     63.415670    126.831340
      8.597997     66.852077     66.852077    133.704153
      8.626609     72.133035     72.133035    144.266069
      8.655222     78.893128     78.893128    157.786255
      8.683834     86.068734     86.068734    172.137467
      8.712446     92.099550     92.099550    184.199099
      8.741059     95.444710     95.444710    190.889420
      8.769671     95.219417     95.219417    190.438833
      8.798283     91.631264     91.631264    183.262528
      8.826896     85.944936     85.944936    171.889873
      8.855508     79.960098     79.960098    159.920196
      8.884120     75.310485     75.310485    150.620970
      8.912732     73.011229     73.011229    146.022459
      8.941345     73.442689     73.442689    146.885378
      8.969957     76.584356     76.584356    153.168713
      8.998569     82.193739     82.193739    164.387479
      9.027182     89.811260     89.811260    179.622521
      9.055794     98.659838     98.659838    197.319676
      9.084406    107.558617    107.558617    215.117235
      9.113019    115.024186    115.024186    230.048372
      9.141631    119.746333    119.746333    239.492667
      9.170243    121.319472    121.319472    242.638944
      9.198856    120.618654    120.618654    241.237308
      9.227468    119.247736    119.247736    238.495473
      9.256080    118.351927    118.351927    236.703854
      9.284692    117.873195    117.873195    235.746390
      9.313305    116.945478    116.945478    233.890955
      9.341917    114.928225    114.928225    229.856450
      9.370529    112.016568    112.016568    224.033136
      9.399142    108.996438    108.996438    217.992876
      9.427754    106.564650    106.564650    213.129301
      9.456366    104.801663    104.801663    209.603327
      9.484979    103.092460    103.092460    206.184919
      9.513591    100.542659    100.542659    201.085317
      9.542203     96.692258     96.692258    193.384516
      9.570815     92.010227     92.010227    184.020454
      9.599428     87.646678     87.646678    175.293357
      9.628040     84.514869     84.514869    169.029737
      9.656652     82.497129     82.497129    164.994258
      9.685265     80.575660     80.575660    161.151321
      9.713877     77.835029     77.835029    155.670058
      9.742489     74.425949     74.425949    148.851898
      9.771102     71.626025     71.626025    143.252050
      9.799714     70.991652     70.991652    141.983304
      9.828326     73.345113     73.345113    146.690226
      9.856938     78.313042     78.313042    156.626085
      9.885551     84.547613     84.547613    169.095227
      9.914163     90.292554     90.292554    180.585108
      9.942775     93.932592     93.932592    187.865184
      9.971388     94.386740     94.386740    188.773480
     10.000000     91.355419     91.355419    182.710839
