# EIG2DOS: Utility for SIESTA to obtain the electronic density of states
#  E. Artacho, Apr 1999, A. Garcia, Apr 2012
# ------------------------------------------
# Eigenvalues read from mos2-3graphene.EIG
# Using smearing parameter:   0.100
# Using    700 points in energy range
# Selected bands: 1 to: 2606
# Emin, emax in file for selected band(s):    -23.1274300    159.6872500
# Nbands, Nspin, Nk   =   2606     1    13
# E_F                 =    -4.8942 eV --> (shifted to ZERO)
# Broadening          =     0.1000 eV
#
#        E            N(up)  (=)   N(down)         Ntot
    -10.000000      7.822784      7.822784     15.645568
     -9.971388      6.163912      6.163912     12.327824
     -9.942775      5.561671      5.561671     11.123342
     -9.914163      5.943420      5.943420     11.886839
     -9.885551      7.036360      7.036360     14.072720
     -9.856938      8.584625      8.584625     17.169250
     -9.828326     10.425125     10.425125     20.850249
     -9.799714     12.392072     12.392072     24.784144
     -9.771102     14.187255     14.187255     28.374509
     -9.742489     15.372193     15.372193     30.744386
     -9.713877     15.516655     15.516655     31.033309
     -9.685265     14.407889     14.407889     28.815778
     -9.656652     12.184215     12.184215     24.368430
     -9.628040      9.307305      9.307305     18.614610
     -9.599428      6.386381      6.386381     12.772763
     -9.570815      3.960588      3.960588      7.921177
     -9.542203      2.373752      2.373752      4.747504
     -9.513591      1.807324      1.807324      3.614647
     -9.484979      2.409507      2.409507      4.819014
     -9.456366      4.364875      4.364875      8.729751
     -9.427754      7.776165      7.776165     15.552330
     -9.399142     12.390418     12.390418     24.780836
     -9.370529     17.392013     17.392013     34.784026
     -9.341917     21.524004     21.524004     43.048007
     -9.313305     23.586336     23.586336     47.172672
     -9.284692     23.035666     23.035666     46.071332
     -9.256080     20.277064     20.277064     40.554128
     -9.227468     16.443077     16.443077     32.886155
     -9.198856     12.823132     12.823132     25.646263
     -9.170243     10.316932     10.316932     20.633865
     -9.141631      9.193876      9.193876     18.387753
     -9.113019      9.177982      9.177982     18.355963
     -9.084406      9.697565      9.697565     19.395130
     -9.055794     10.166111     10.166111     20.332223
     -9.027182     10.262380     10.262380     20.524759
     -8.998569     10.144423     10.144423     20.288846
     -8.969957     10.412763     10.412763     20.825527
     -8.941345     11.710024     11.710024     23.420048
     -8.912732     14.171054     14.171054     28.342108
     -8.884120     17.179795     17.179795     34.359590
     -8.855508     19.707966     19.707966     39.415931
     -8.826896     21.013268     21.013268     42.026535
     -8.798283     21.129600     21.129600     42.259200
     -8.769671     20.735588     20.735588     41.471177
     -8.741059     20.520244     20.520244     41.040487
     -8.712446     20.602031     20.602031     41.204062
     -8.683834     20.502287     20.502287     41.004574
     -8.655222     19.659816     19.659816     39.319632
     -8.626609     17.971189     17.971189     35.942378
     -8.597997     15.857477     15.857477     31.714953
     -8.569385     13.887956     13.887956     27.775913
     -8.540773     12.435571     12.435571     24.871142
     -8.512160     11.684350     11.684350     23.368701
     -8.483548     11.799567     11.799567     23.599134
     -8.454936     12.893699     12.893699     25.787397
     -8.426323     14.775097     14.775097     29.550195
     -8.397711     16.827800     16.827800     33.655600
     -8.369099     18.250164     18.250164     36.500327
     -8.340486     18.467363     18.467363     36.934726
     -8.311874     17.375854     17.375854     34.751707
     -8.283262     15.323058     15.323058     30.646117
     -8.254649     12.983952     12.983952     25.967905
     -8.226037     11.241326     11.241326     22.482653
     -8.197425     10.973871     10.973871     21.947742
     -8.168813     12.664514     12.664514     25.329027
     -8.140200     15.999931     15.999931     31.999862
     -8.111588     19.831874     19.831874     39.663748
     -8.082976     22.722293     22.722293     45.444585
     -8.054363     23.824340     23.824340     47.648680
     -8.025751     23.442867     23.442867     46.885734
     -7.997139     22.738044     22.738044     45.476088
     -7.968526     22.726647     22.726647     45.453295
     -7.939914     23.400348     23.400348     46.800696
     -7.911302     23.724773     23.724773     47.449546
     -7.882690     22.508538     22.508538     45.017076
     -7.854077     19.384296     19.384296     38.768592
     -7.825465     15.117258     15.117258     30.234516
     -7.796853     11.089150     11.089150     22.178300
     -7.768240      8.443118      8.443118     16.886235
     -7.739628      7.506484      7.506484     15.012969
     -7.711016      7.792347      7.792347     15.584693
     -7.682403      8.483401      8.483401     16.966802
     -7.653791      9.051415      9.051415     18.102830
     -7.625179      9.608775      9.608775     19.217549
     -7.596567     10.757879     10.757879     21.515758
     -7.567954     13.061467     13.061467     26.122935
     -7.539342     16.550985     16.550985     33.101971
     -7.510730     20.640770     20.640770     41.281540
     -7.482117     24.458221     24.458221     48.916442
     -7.453505     27.281478     27.281478     54.562957
     -7.424893     28.773230     28.773230     57.546459
     -7.396280     28.941210     28.941210     57.882420
     -7.367668     27.966243     27.966243     55.932485
     -7.339056     26.059896     26.059896     52.119792
     -7.310443     23.411101     23.411101     46.822203
     -7.281831     20.194957     20.194957     40.389914
     -7.253219     16.609712     16.609712     33.219423
     -7.224607     12.934884     12.934884     25.869769
     -7.195994      9.592963      9.592963     19.185926
     -7.167382      7.156598      7.156598     14.313196
     -7.138770      6.243951      6.243951     12.487902
     -7.110157      7.304033      7.304033     14.608066
     -7.081545     10.366983     10.366983     20.733966
     -7.052933     14.899451     14.899451     29.798903
     -7.024320     19.922150     19.922150     39.844300
     -6.995708     24.410431     24.410431     48.820862
     -6.967096     27.735891     27.735891     55.471782
     -6.938484     29.806421     29.806421     59.612842
     -6.909871     30.833377     30.833377     61.666754
     -6.881259     31.032129     31.032129     62.064258
     -6.852647     30.575659     30.575659     61.151319
     -6.824034     29.748323     29.748323     59.496647
     -6.795422     28.975972     28.975972     57.951944
     -6.766810     28.583607     28.583607     57.167214
     -6.738197     28.516938     28.516938     57.033877
     -6.709585     28.375742     28.375742     56.751484
     -6.680973     27.796693     27.796693     55.593386
     -6.652361     26.830660     26.830660     53.661319
     -6.623748     25.940657     25.940657     51.881314
     -6.595136     25.647813     25.647813     51.295627
     -6.566524     26.205464     26.205464     52.410928
     -6.537911     27.579240     27.579240     55.158481
     -6.509299     29.642623     29.642623     59.285246
     -6.480687     32.326062     32.326062     64.652123
     -6.452074     35.584165     35.584165     71.168329
     -6.423462     39.238135     39.238135     78.476270
     -6.394850     42.861107     42.861107     85.722213
     -6.366237     45.868309     45.868309     91.736619
     -6.337625     47.802694     47.802694     95.605388
     -6.309013     48.576924     48.576924     97.153848
     -6.280401     48.456803     48.456803     96.913606
     -6.251788     47.901146     47.901146     95.802292
     -6.223176     47.548121     47.548121     95.096241
     -6.194564     48.326579     48.326579     96.653158
     -6.165951     51.309039     51.309039    102.618077
     -6.137339     57.138432     57.138432    114.276865
     -6.108727     65.444138     65.444138    130.888276
     -6.080114     74.799705     74.799705    149.599410
     -6.051502     83.258981     83.258981    166.517962
     -6.022890     89.028369     89.028369    178.056738
     -5.994278     90.935867     90.935867    181.871735
     -5.965665     88.728471     88.728471    177.456943
     -5.937053     83.276951     83.276951    166.553901
     -5.908441     76.481507     76.481507    152.963014
     -5.879828     70.582638     70.582638    141.165277
     -5.851216     67.022433     67.022433    134.044866
     -5.822604     65.617339     65.617339    131.234678
     -5.793991     64.833263     64.833263    129.666525
     -5.765379     63.097875     63.097875    126.195750
     -5.736767     60.071091     60.071091    120.142182
     -5.708155     56.753857     56.753857    113.507714
     -5.679542     54.418028     54.418028    108.836056
     -5.650930     53.441296     53.441296    106.882591
     -5.622318     53.092726     53.092726    106.185451
     -5.593705     52.301903     52.301903    104.603805
     -5.565093     50.566157     50.566157    101.132315
     -5.536481     48.180073     48.180073     96.360145
     -5.507868     45.737270     45.737270     91.474540
     -5.479256     43.557915     43.557915     87.115831
     -5.450644     41.642142     41.642142     83.284285
     -5.422031     40.037733     40.037733     80.075465
     -5.393419     39.007762     39.007762     78.015523
     -5.364807     38.720086     38.720086     77.440171
     -5.336195     38.889895     38.889895     77.779791
     -5.307582     38.915073     38.915073     77.830145
     -5.278970     38.413780     38.413780     76.827559
     -5.250358     37.577809     37.577809     75.155618
     -5.221745     37.008342     37.008342     74.016685
     -5.193133     37.256871     37.256871     74.513741
     -5.164521     38.456746     38.456746     76.913491
     -5.135908     40.231114     40.231114     80.462227
     -5.107296     41.898065     41.898065     83.796129
     -5.078684     42.887065     42.887065     85.774130
     -5.050072     43.115693     43.115693     86.231386
     -5.021459     43.043426     43.043426     86.086852
     -4.992847     43.376276     43.376276     86.752552
     -4.964235     44.698000     44.698000     89.396000
     -4.935622     47.331267     47.331267     94.662535
     -4.907010     51.456971     51.456971    102.913942
     -4.878398     57.183432     57.183432    114.366863
     -4.849785     64.247516     64.247516    128.495033
     -4.821173     71.529959     71.529959    143.059918
     -4.792561     77.073562     77.073562    154.147124
     -4.763948     78.997885     78.997885    157.995771
     -4.735336     76.705557     76.705557    153.411114
     -4.706724     71.256818     71.256818    142.513635
     -4.678112     64.513281     64.513281    129.026561
     -4.649499     57.860321     57.860321    115.720642
     -4.620887     51.656373     51.656373    103.312747
     -4.592275     45.712603     45.712603     91.425206
     -4.563662     40.075046     40.075046     80.150091
     -4.535050     35.259772     35.259772     70.519543
     -4.506438     31.867894     31.867894     63.735789
     -4.477825     30.181248     30.181248     60.362496
     -4.449213     30.181711     30.181711     60.363422
     -4.420601     31.807295     31.807295     63.614590
     -4.391989     35.003202     35.003202     70.006404
     -4.363376     39.485422     39.485422     78.970844
     -4.334764     44.568422     44.568422     89.136844
     -4.306152     49.374090     49.374090     98.748181
     -4.277539     53.312833     53.312833    106.625666
     -4.248927     56.414287     56.414287    112.828573
     -4.220315     59.207752     59.207752    118.415504
     -4.191702     62.242408     62.242408    124.484816
     -4.163090     65.590748     65.590748    131.181495
     -4.134478     68.638673     68.638673    137.277347
     -4.105866     70.297199     70.297199    140.594398
     -4.077253     69.585084     69.585084    139.170169
     -4.048641     66.286396     66.286396    132.572792
     -4.020029     61.212186     61.212186    122.424372
     -3.991416     55.779025     55.779025    111.558050
     -3.962804     51.139896     51.139896    102.279791
     -3.934192     47.520933     47.520933     95.041866
     -3.905579     44.302632     44.302632     88.605263
     -3.876967     40.775097     40.775097     81.550195
     -3.848355     36.928936     36.928936     73.857873
     -3.819742     33.649267     33.649267     67.298535
     -3.791130     32.202303     32.202303     64.404605
     -3.762518     33.411688     33.411688     66.823375
     -3.733906     37.076670     37.076670     74.153341
     -3.705293     42.013275     42.013275     84.026549
     -3.676681     46.682585     46.682585     93.365170
     -3.648069     49.905067     49.905067     99.810133
     -3.619456     51.115564     51.115564    102.231128
     -3.590844     50.155442     50.155442    100.310883
     -3.562232     47.095020     47.095020     94.190039
     -3.533619     42.374167     42.374167     84.748334
     -3.505007     36.969627     36.969627     73.939255
     -3.476395     32.186707     32.186707     64.373415
     -3.447783     29.133182     29.133182     58.266363
     -3.419170     28.283605     28.283605     56.567211
     -3.390558     29.402339     29.402339     58.804678
     -3.361946     31.785567     31.785567     63.571134
     -3.333333     34.647284     34.647284     69.294567
     -3.304721     37.454339     37.454339     74.908679
     -3.276109     40.024297     40.024297     80.048593
     -3.247496     42.342724     42.342724     84.685448
     -3.218884     44.308893     44.308893     88.617785
     -3.190272     45.691536     45.691536     91.383071
     -3.161660     46.320365     46.320365     92.640730
     -3.133047     46.241430     46.241430     92.482860
     -3.104435     45.613978     45.613978     91.227957
     -3.075823     44.477109     44.477109     88.954219
     -3.047210     42.712341     42.712341     85.424683
     -3.018598     40.305167     40.305167     80.610334
     -2.989986     37.633706     37.633706     75.267412
     -2.961373     35.430398     35.430398     70.860797
     -2.932761     34.362696     34.362696     68.725393
     -2.904149     34.566761     34.566761     69.133521
     -2.875536     35.582118     35.582118     71.164237
     -2.846924     36.803424     36.803424     73.606849
     -2.818312     38.028593     38.028593     76.057186
     -2.789700     39.536906     39.536906     79.073813
     -2.761087     41.628707     41.628707     83.257413
     -2.732475     44.124156     44.124156     88.248312
     -2.703863     46.292171     46.292171     92.584342
     -2.675250     47.227111     47.227111     94.454221
     -2.646638     46.384988     46.384988     92.769976
     -2.618026     43.956585     43.956585     87.913171
     -2.589413     40.822735     40.822735     81.645470
     -2.560801     38.050817     38.050817     76.101635
     -2.532189     36.260914     36.260914     72.521827
     -2.503577     35.364592     35.364592     70.729185
     -2.474964     34.875743     34.875743     69.751487
     -2.446352     34.474022     34.474022     68.948043
     -2.417740     34.291577     34.291577     68.583154
     -2.389127     34.681790     34.681790     69.363581
     -2.360515     35.722760     35.722760     71.445520
     -2.331903     36.956121     36.956121     73.912242
     -2.303290     37.643528     37.643528     75.287057
     -2.274678     37.335700     37.335700     74.671400
     -2.246066     36.244703     36.244703     72.489407
     -2.217454     35.083414     35.083414     70.166829
     -2.188841     34.532205     34.532205     69.064410
     -2.160229     34.836128     34.836128     69.672256
     -2.131617     35.871181     35.871181     71.742363
     -2.103004     37.495065     37.495065     74.990131
     -2.074392     39.695497     39.695497     79.390993
     -2.045780     42.353756     42.353756     84.707512
     -2.017167     44.990109     44.990109     89.980218
     -1.988555     46.914918     46.914918     93.829837
     -1.959943     47.682127     47.682127     95.364253
     -1.931330     47.358016     47.358016     94.716031
     -1.902718     46.367519     46.367519     92.735037
     -1.874106     45.146630     45.146630     90.293260
     -1.845494     43.926223     43.926223     87.852446
     -1.816881     42.749727     42.749727     85.499453
     -1.788269     41.632957     41.632957     83.265915
     -1.759657     40.693808     40.693808     81.387616
     -1.731044     40.098273     40.098273     80.196546
     -1.702432     39.851823     39.851823     79.703647
     -1.673820     39.675616     39.675616     79.351233
     -1.645207     39.151321     39.151321     78.302641
     -1.616595     38.020481     38.020481     76.040963
     -1.587983     36.343461     36.343461     72.686921
     -1.559371     34.364227     34.364227     68.728454
     -1.530758     32.230958     32.230958     64.461916
     -1.502146     29.879970     29.879970     59.759941
     -1.473534     27.222650     27.222650     54.445299
     -1.444921     24.426093     24.426093     48.852186
     -1.416309     21.941378     21.941378     43.882756
     -1.387697     20.201304     20.201304     40.402608
     -1.359084     19.281844     19.281844     38.563689
     -1.330472     18.865029     18.865029     37.730058
     -1.301860     18.526300     18.526300     37.052600
     -1.273247     18.057084     18.057084     36.114168
     -1.244635     17.527733     17.527733     35.055467
     -1.216023     17.069164     17.069164     34.138327
     -1.187411     16.628882     16.628882     33.257765
     -1.158798     15.966916     15.966916     31.933832
     -1.130186     14.882179     14.882179     29.764357
     -1.101574     13.404409     13.404409     26.808819
     -1.072961     11.757835     11.757835     23.515670
     -1.044349     10.192116     10.192116     20.384233
     -1.015737      8.888276      8.888276     17.776551
     -0.987124      7.971111      7.971111     15.942222
     -0.958512      7.500310      7.500310     15.000620
     -0.929900      7.390933      7.390933     14.781866
     -0.901288      7.371725      7.371725     14.743450
     -0.872675      7.090362      7.090362     14.180723
     -0.844063      6.326308      6.326308     12.652617
     -0.815451      5.153226      5.153226     10.306451
     -0.786838      3.922253      3.922253      7.844507
     -0.758226      3.074912      3.074912      6.149824
     -0.729614      2.906509      2.906509      5.813019
     -0.701001      3.407738      3.407738      6.815475
     -0.672389      4.255241      4.255241      8.510481
     -0.643777      4.963944      4.963944      9.927888
     -0.615165      5.142494      5.142494     10.284987
     -0.586552      4.705332      4.705332      9.410663
     -0.557940      3.887526      3.887526      7.775053
     -0.529328      3.050859      3.050859      6.101719
     -0.500715      2.446394      2.446394      4.892787
     -0.472103      2.118178      2.118178      4.236356
     -0.443491      1.975846      1.975846      3.951692
     -0.414878      1.912751      1.912751      3.825503
     -0.386266      1.856265      1.856265      3.712530
     -0.357654      1.757572      1.757572      3.515143
     -0.329041      1.592284      1.592284      3.184568
     -0.300429      1.388203      1.388203      2.776405
     -0.271817      1.226581      1.226581      2.453162
     -0.243205      1.183562      1.183562      2.367124
     -0.214592      1.256355      1.256355      2.512709
     -0.185980      1.349191      1.349191      2.698381
     -0.157368      1.339935      1.339935      2.679870
     -0.128755      1.169948      1.169948      2.339897
     -0.100143      0.879565      0.879565      1.759131
     -0.071531      0.567838      0.567838      1.135677
     -0.042918      0.325049      0.325049      0.650098
     -0.014306      0.197586      0.197586      0.395171
      0.014306      0.197764      0.197764      0.395527
      0.042918      0.326033      0.326033      0.652066
      0.071531      0.571925      0.571925      1.143849
      0.100143      0.894596      0.894596      1.789192
      0.128755      1.217624      1.217624      2.435248
      0.157368      1.468668      1.468668      2.937335
      0.185980      1.644168      1.644168      3.288336
      0.214592      1.830670      1.830670      3.661340
      0.243205      2.138599      2.138599      4.277199
      0.271817      2.598967      2.598967      5.197935
      0.300429      3.133640      3.133640      6.267280
      0.329041      3.643806      3.643806      7.287611
      0.357654      4.125139      4.125139      8.250278
      0.386266      4.675294      4.675294      9.350589
      0.414878      5.377996      5.377996     10.755992
      0.443491      6.193520      6.193520     12.387040
      0.472103      6.981277      6.981277     13.962555
      0.500715      7.634448      7.634448     15.268897
      0.529328      8.194546      8.194546     16.389092
      0.557940      8.853252      8.853252     17.706505
      0.586552      9.873024      9.873024     19.746049
      0.615165     11.522193     11.522193     23.044387
      0.643777     14.073013     14.073013     28.146026
      0.672389     17.819107     17.819107     35.638214
      0.701001     23.015585     23.015585     46.031170
      0.729614     29.670863     29.670863     59.341725
      0.758226     37.241543     37.241543     74.483086
      0.786838     44.465546     44.465546     88.931092
      0.815451     49.638769     49.638769     99.277538
      0.844063     51.381432     51.381432    102.762864
      0.872675     49.453579     49.453579     98.907158
      0.901288     44.986334     44.986334     89.972668
      0.929900     39.944087     39.944087     79.888173
      0.958512     36.285253     36.285253     72.570506
      0.987124     35.382460     35.382460     70.764920
      1.015737     37.775446     37.775446     75.550892
      1.044349     43.016523     43.016523     86.033045
      1.072961     49.631360     49.631360     99.262720
      1.101574     55.535352     55.535352    111.070703
      1.130186     58.985855     58.985855    117.971710
      1.158798     59.516390     59.516390    119.032781
      1.187411     58.089750     58.089750    116.179501
      1.216023     56.288766     56.288766    112.577533
      1.244635     55.194943     55.194943    110.389886
      1.273247     54.846896     54.846896    109.693792
      1.301860     54.595170     54.595170    109.190340
      1.330472     53.868373     53.868373    107.736746
      1.359084     52.611402     52.611402    105.222804
      1.387697     51.123405     51.123405    102.246809
      1.416309     49.648268     49.648268     99.296537
      1.444921     48.206007     48.206007     96.412014
      1.473534     46.760353     46.760353     93.520707
      1.502146     45.415087     45.415087     90.830174
      1.530758     44.357866     44.357866     88.715732
      1.559371     43.627902     43.627902     87.255805
      1.587983     43.007021     43.007021     86.014041
      1.616595     42.167078     42.167078     84.334157
      1.645207     40.909569     40.909569     81.819138
      1.673820     39.286605     39.286605     78.573210
      1.702432     37.570996     37.570996     75.141992
      1.731044     36.146362     36.146362     72.292725
      1.759657     35.349857     35.349857     70.699713
      1.788269     35.307824     35.307824     70.615648
      1.816881     35.883974     35.883974     71.767949
      1.845494     36.816194     36.816194     73.632389
      1.874106     37.923568     37.923568     75.847136
      1.902718     39.163025     39.163025     78.326050
      1.931330     40.463215     40.463215     80.926431
      1.959943     41.511408     41.511408     83.022817
      1.988555     41.753187     41.753187     83.506374
      2.017167     40.685685     40.685685     81.371369
      2.045780     38.237639     38.237639     76.475277
      2.074392     34.909957     34.909957     69.819915
      2.103004     31.532532     31.532532     63.065064
      2.131617     28.819030     28.819030     57.638059
      2.160229     27.063562     27.063562     54.127124
      2.188841     26.160052     26.160052     52.320103
      2.217454     25.810379     25.810379     51.620757
      2.246066     25.678936     25.678936     51.357871
      2.274678     25.448323     25.448323     50.896646
      2.303290     24.910057     24.910057     49.820115
      2.331903     24.113729     24.113729     48.227459
      2.360515     23.404797     23.404797     46.809594
      2.389127     23.239088     23.239088     46.478176
      2.417740     23.887862     23.887862     47.775724
      2.446352     25.231661     25.231661     50.463321
      2.474964     26.761947     26.761947     53.523893
      2.503577     27.826524     27.826524     55.653049
      2.532189     28.033667     28.033667     56.067334
      2.560801     27.535608     27.535608     55.071215
      2.589413     26.904270     26.904270     53.808541
      2.618026     26.660148     26.660148     53.320296
      2.646638     26.881028     26.881028     53.762057
      2.675250     27.255609     27.255609     54.511218
      2.703863     27.510533     27.510533     55.021066
      2.732475     27.783076     27.783076     55.566151
      2.761087     28.562442     28.562442     57.124883
      2.789700     30.217096     30.217096     60.434192
      2.818312     32.523646     32.523646     65.047293
      2.846924     34.657163     34.657163     69.314326
      2.875536     35.710767     35.710767     71.421535
      2.904149     35.319859     35.319859     70.639717
      2.932761     33.859372     33.859372     67.718743
      2.961373     32.077826     32.077826     64.155653
      2.989986     30.528286     30.528286     61.056572
      3.018598     29.278967     29.278967     58.557934
      3.047210     28.074874     28.074874     56.149748
      3.075823     26.717060     26.717060     53.434119
      3.104435     25.289665     25.289665     50.579331
      3.133047     24.072390     24.072390     48.144779
      3.161660     23.286187     23.286187     46.572373
      3.190272     22.919955     22.919955     45.839911
      3.218884     22.731891     22.731891     45.463782
      3.247496     22.362822     22.362822     44.725644
      3.276109     21.500416     21.500416     43.000833
      3.304721     20.054674     20.054674     40.109347
      3.333333     18.236558     18.236558     36.473115
      3.361946     16.428557     16.428557     32.857114
      3.390558     14.914237     14.914237     29.828474
      3.419170     13.704105     13.704105     27.408209
      3.447783     12.619633     12.619633     25.239267
      3.476395     11.532048     11.532048     23.064096
      3.505007     10.493060     10.493060     20.986121
      3.533619      9.633343      9.633343     19.266686
      3.562232      8.980891      8.980891     17.961781
      3.590844      8.421056      8.421056     16.842112
      3.619456      7.814621      7.814621     15.629242
      3.648069      7.116725      7.116725     14.233450
      3.676681      6.406428      6.406428     12.812857
      3.705293      5.865129      5.865129     11.730258
      3.733906      5.728030      5.728030     11.456059
      3.762518      6.177081      6.177081     12.354161
      3.791130      7.200202      7.200202     14.400404
      3.819742      8.526196      8.526196     17.052393
      3.848355      9.713774      9.713774     19.427548
      3.876967     10.362250     10.362250     20.724499
      3.905579     10.332792     10.332792     20.665584
      3.934192      9.849838      9.849838     19.699676
      3.962804      9.390522      9.390522     18.781044
      3.991416      9.389249      9.389249     18.778497
      4.020029      9.938492      9.938492     19.876983
      4.048641     10.714617     10.714617     21.429234
      4.077253     11.213142     11.213142     22.426284
      4.105866     11.131482     11.131482     22.262964
      4.134478     10.599485     10.599485     21.198970
      4.163090     10.073507     10.073507     20.147014
      4.191702      9.987699      9.987699     19.975399
      4.220315     10.436761     10.436761     20.873522
      4.248927     11.104792     11.104792     22.209584
      4.277539     11.460327     11.460327     22.920654
      4.306152     11.079529     11.079529     22.159058
      4.334764      9.901747      9.901747     19.803493
      4.363376      8.261092      8.261092     16.522183
      4.391989      6.674633      6.674633     13.349266
      4.420601      5.545541      5.545541     11.091082
      4.449213      5.001738      5.001738     10.003476
      4.477825      4.945870      4.945870      9.891739
      4.506438      5.194123      5.194123     10.388245
      4.535050      5.564338      5.564338     11.128676
      4.563662      5.915707      5.915707     11.831414
      4.592275      6.203704      6.203704     12.407409
      4.620887      6.523158      6.523158     13.046315
      4.649499      7.052755      7.052755     14.105511
      4.678112      7.898141      7.898141     15.796282
      4.706724      8.947422      8.947422     17.894844
      4.735336      9.873079      9.873079     19.746157
      4.763948     10.320222     10.320222     20.640444
      4.792561     10.161169     10.161169     20.322339
      4.821173      9.595039      9.595039     19.190078
      4.849785      8.981113      8.981113     17.962225
      4.878398      8.559444      8.559444     17.118889
      4.907010      8.326741      8.326741     16.653481
      4.935622      8.138919      8.138919     16.277838
      4.964235      7.862354      7.862354     15.724709
      4.992847      7.421418      7.421418     14.842835
      5.021459      6.799206      6.799206     13.598412
      5.050072      6.092746      6.092746     12.185492
      5.078684      5.556422      5.556422     11.112843
      5.107296      5.491608      5.491608     10.983217
      5.135908      6.013247      6.013247     12.026495
      5.164521      6.920509      6.920509     13.841019
      5.193133      7.837906      7.837906     15.675811
      5.221745      8.512559      8.512559     17.025119
      5.250358      8.973308      8.973308     17.946615
      5.278970      9.404322      9.404322     18.808644
      5.307582      9.899120      9.899120     19.798239
      5.336195     10.369512     10.369512     20.739023
      5.364807     10.679374     10.679374     21.358748
      5.393419     10.830243     10.830243     21.660487
      5.422031     11.009248     11.009248     22.018497
      5.450644     11.467103     11.467103     22.934206
      5.479256     12.326454     12.326454     24.652907
      5.507868     13.455806     13.455806     26.911612
      5.536481     14.512218     14.512218     29.024436
      5.565093     15.159637     15.159637     30.319275
      5.593705     15.323417     15.323417     30.646835
      5.622318     15.262780     15.262780     30.525560
      5.650930     15.361950     15.361950     30.723899
      5.679542     15.800272     15.800272     31.600545
      5.708155     16.409131     16.409131     32.818262
      5.736767     16.877296     16.877296     33.754592
      5.765379     17.140936     17.140936     34.281871
      5.793991     17.591218     17.591218     35.182436
      5.822604     18.852878     18.852878     37.705757
      5.851216     21.264776     21.264776     42.529551
      5.879828     24.512759     24.512759     49.025518
      5.908441     27.784777     27.784777     55.569553
      5.937053     30.343868     30.343868     60.687735
      5.965665     32.006539     32.006539     64.013077
      5.994278     33.112982     33.112982     66.225964
      6.022890     34.071493     34.071493     68.142985
      6.051502     34.941335     34.941335     69.882671
      6.080114     35.448993     35.448993     70.897986
      6.108727     35.394756     35.394756     70.789512
      6.137339     34.990416     34.990416     69.980832
      6.165951     34.722580     34.722580     69.445160
      6.194564     34.881783     34.881783     69.763566
      6.223176     35.310230     35.310230     70.620460
      6.251788     35.650980     35.650980     71.301959
      6.280401     35.769853     35.769853     71.539707
      6.309013     35.860667     35.860667     71.721333
      6.337625     36.181620     36.181620     72.363240
      6.366237     36.787693     36.787693     73.575385
      6.394850     37.537788     37.537788     75.075577
      6.423462     38.278366     38.278366     76.556732
      6.452074     38.939877     38.939877     77.879754
      6.480687     39.467056     39.467056     78.934113
      6.509299     39.735733     39.735733     79.471467
      6.537911     39.594769     39.594769     79.189538
      6.566524     38.986208     38.986208     77.972416
      6.595136     38.022583     38.022583     76.045167
      6.623748     36.994301     36.994301     73.988602
      6.652361     36.319589     36.319589     72.639177
      6.680973     36.375597     36.375597     72.751194
      6.709585     37.208394     37.208394     74.416788
      6.738197     38.357132     38.357132     76.714265
      6.766810     39.061349     39.061349     78.122698
      6.795422     38.756234     38.756234     77.512468
      6.824034     37.432166     37.432166     74.864332
      6.852647     35.596536     35.596536     71.193073
      6.881259     33.988167     33.988167     67.976333
      6.909871     33.306218     33.306218     66.612435
      6.938484     34.010244     34.010244     68.020488
      6.967096     36.153347     36.153347     72.306693
      6.995708     39.332121     39.332121     78.664242
      7.024320     42.868291     42.868291     85.736582
      7.052933     46.152787     46.152787     92.305575
      7.081545     48.921451     48.921451     97.842901
      7.110157     51.295909     51.295909    102.591817
      7.138770     53.624962     53.624962    107.249923
      7.167382     56.264378     56.264378    112.528756
      7.195994     59.359660     59.359660    118.719319
      7.224607     62.650621     62.650621    125.301241
      7.253219     65.438333     65.438333    130.876666
      7.281831     66.885976     66.885976    133.771953
      7.310443     66.531976     66.531976    133.063953
      7.339056     64.613295     64.613295    129.226591
      7.367668     61.955930     61.955930    123.911860
      7.396280     59.566517     59.566517    119.133034
      7.424893     58.184803     58.184803    116.369605
      7.453505     57.970302     57.970302    115.940605
      7.482117     58.453614     58.453614    116.907228
      7.510730     58.803684     58.803684    117.607369
      7.539342     58.255690     58.255690    116.511380
      7.567954     56.452084     56.452084    112.904169
      7.596567     53.588087     53.588087    107.176173
      7.625179     50.355595     50.355595    100.711190
      7.653791     47.639425     47.639425     95.278849
      7.682403     46.007390     46.007390     92.014781
      7.711016     45.309175     45.309175     90.618350
      7.739628     44.768287     44.768287     89.536573
      7.768240     43.584507     43.584507     87.169014
      7.796853     41.592860     41.592860     83.185721
      7.825465     39.445734     39.445734     78.891467
      7.854077     38.190535     38.190535     76.381070
      7.882690     38.616294     38.616294     77.232589
      7.911302     40.862518     40.862518     81.725036
      7.939914     44.447456     44.447456     88.894911
      7.968526     48.501827     48.501827     97.003655
      7.997139     52.007240     52.007240    104.014480
      8.025751     54.096052     54.096052    108.192104
      8.054363     54.467011     54.467011    108.934022
      8.082976     53.634201     53.634201    107.268402
      8.111588     52.615533     52.615533    105.231067
      8.140200     52.146399     52.146399    104.292799
      8.168813     52.089564     52.089564    104.179128
      8.197425     51.631655     51.631655    103.263310
      8.226037     50.084735     50.084735    100.169470
      8.254649     47.490341     47.490341     94.980682
      8.283262     44.480471     44.480471     88.960942
      8.311874     41.677834     41.677834     83.355667
      8.340486     39.324432     39.324432     78.648864
      8.369099     37.408851     37.408851     74.817702
      8.397711     35.957712     35.957712     71.915424
      8.426323     35.086608     35.086608     70.173217
      8.454936     34.804443     34.804443     69.608885
      8.483548     34.890214     34.890214     69.780428
      8.512160     35.082702     35.082702     70.165404
      8.540773     35.429291     35.429291     70.858581
      8.569385     36.335338     36.335338     72.670676
      8.597997     38.072900     38.072900     76.145801
      8.626609     40.162780     40.162780     80.325560
      8.655222     41.386282     41.386282     82.772563
      8.683834     40.640524     40.640524     81.281048
      8.712446     37.922252     37.922252     75.844504
      8.741059     34.493456     34.493456     68.986912
      8.769671     32.043151     32.043151     64.086303
      8.798283     31.567525     31.567525     63.135050
      8.826896     32.849647     32.849647     65.699295
      8.855508     34.829409     34.829409     69.658817
      8.884120     36.457697     36.457697     72.915395
      8.912732     37.373998     37.373998     74.747997
      8.941345     38.022728     38.022728     76.045457
      8.969957     39.299505     39.299505     78.599011
      8.998569     42.062968     42.062968     84.125936
      9.027182     46.760593     46.760593     93.521187
      9.055794     53.249653     53.249653    106.499307
      9.084406     60.822584     60.822584    121.645167
      9.113019     68.402124     68.402124    136.804248
      9.141631     74.811038     74.811038    149.622075
      9.170243     79.024864     79.024864    158.049728
      9.198856     80.395320     80.395320    160.790641
      9.227468     78.877850     78.877850    157.755699
      9.256080     75.231577     75.231577    150.463155
      9.284692     71.017185     71.017185    142.034370
      9.313305     68.147576     68.147576    136.295152
      9.341917     67.957662     67.957662    135.915325
      9.370529     70.251397     70.251397    140.502794
      9.399142     73.105608     73.105608    146.211216
      9.427754     73.832276     73.832276    147.664551
      9.456366     70.570105     70.570105    141.140210
      9.484979     63.376733     63.376733    126.753465
      9.513591     54.083923     54.083923    108.167846
      9.542203     45.180011     45.180011     90.360022
      9.570815     38.617306     38.617306     77.234611
      9.599428     35.233348     35.233348     70.466696
      9.628040     34.833555     34.833555     69.667110
      9.656652     36.576595     36.576595     73.153190
      9.685265     39.356076     39.356076     78.712151
      9.713877     42.116547     42.116547     84.233094
      9.742489     44.155202     44.155202     88.310405
      9.771102     45.379395     45.379395     90.758791
      9.799714     46.356399     46.356399     92.712799
      9.828326     47.975393     47.975393     95.950785
      9.856938     50.760306     50.760306    101.520611
      9.885551     54.262197     54.262197    108.524394
      9.914163     57.125846     57.125846    114.251692
      9.942775     57.975667     57.975667    115.951333
      9.971388     56.494179     56.494179    112.988358
     10.000000     53.821609     53.821609    107.643218
