# EIG2DOS: Utility for SIESTA to obtain the electronic density of states
#  E. Artacho, Apr 1999, A. Garcia, Apr 2012
# ------------------------------------------
# Eigenvalues read from 2mos2-1graphene.EIG
# Using smearing parameter:   0.100
# Using    700 points in energy range
# Selected bands: 1 to: 1962
# Emin, emax in file for selected band(s):    -22.9070400    143.9925200
# Nbands, Nspin, Nk   =   1962     1    25
# E_F                 =    -4.7514 eV --> (shifted to ZERO)
# Broadening          =     0.1000 eV
#
#        E            N(up)  (=)   N(down)         Ntot
    -10.000000      4.804016      4.804016      9.608031
     -9.971388      4.976847      4.976847      9.953694
     -9.942775      4.693813      4.693813      9.387625
     -9.914163      4.039915      4.039915      8.079829
     -9.885551      3.200020      3.200020      6.400040
     -9.856938      2.396134      2.396134      4.792268
     -9.828326      1.843743      1.843743      3.687486
     -9.799714      1.710865      1.710865      3.421730
     -9.771102      2.067496      2.067496      4.134993
     -9.742489      2.840010      2.840010      5.680020
     -9.713877      3.803641      3.803641      7.607282
     -9.685265      4.641274      4.641274      9.282549
     -9.656652      5.062580      5.062580     10.125159
     -9.628040      4.928194      4.928194      9.856387
     -9.599428      4.303579      4.303579      8.607158
     -9.570815      3.410835      3.410835      6.821671
     -9.542203      2.523469      2.523469      5.046939
     -9.513591      1.881534      1.881534      3.763068
     -9.484979      1.659339      1.659339      3.318679
     -9.456366      1.951563      1.951563      3.903126
     -9.427754      2.734617      2.734617      5.469234
     -9.399142      3.818053      3.818053      7.636107
     -9.370529      4.858129      4.858129      9.716259
     -9.341917      5.486321      5.486321     10.972642
     -9.313305      5.504636      5.504636     11.009272
     -9.284692      5.009501      5.009501     10.019002
     -9.256080      4.335108      4.335108      8.670215
     -9.227468      3.849062      3.849062      7.698123
     -9.198856      3.755170      3.755170      7.510341
     -9.170243      4.041742      4.041742      8.083484
     -9.141631      4.574893      4.574893      9.149785
     -9.113019      5.208172      5.208172     10.416345
     -9.084406      5.796756      5.796756     11.593513
     -9.055794      6.155317      6.155317     12.310634
     -9.027182      6.094597      6.094597     12.189195
     -8.998569      5.565658      5.565658     11.131316
     -8.969957      4.761691      4.761691      9.523381
     -8.941345      4.030969      4.030969      8.061938
     -8.912732      3.657134      3.657134      7.314268
     -8.884120      3.711079      3.711079      7.422157
     -8.855508      4.094422      4.094422      8.188844
     -8.826896      4.688046      4.688046      9.376091
     -8.798283      5.426640      5.426640     10.853280
     -8.769671      6.230852      6.230852     12.461704
     -8.741059      6.907769      6.907769     13.815539
     -8.712446      7.178309      7.178309     14.356618
     -8.683834      6.854652      6.854652     13.709303
     -8.655222      6.016749      6.016749     12.033498
     -8.626609      5.010125      5.010125     10.020251
     -8.597997      4.243232      4.243232      8.486463
     -8.569385      3.948263      3.948263      7.896525
     -8.540773      4.097269      4.097269      8.194539
     -8.512160      4.511393      4.511393      9.022786
     -8.483548      5.027749      5.027749     10.055497
     -8.454936      5.566104      5.566104     11.132207
     -8.426323      6.068677      6.068677     12.137353
     -8.397711      6.422518      6.422518     12.845036
     -8.369099      6.479094      6.479094     12.958187
     -8.340486      6.165398      6.165398     12.330796
     -8.311874      5.568759      5.568759     11.137518
     -8.283262      4.900070      4.900070      9.800140
     -8.254649      4.373047      4.373047      8.746094
     -8.226037      4.119507      4.119507      8.239015
     -8.197425      4.195818      4.195818      8.391636
     -8.168813      4.619390      4.619390      9.238779
     -8.140200      5.355607      5.355607     10.711213
     -8.111588      6.261730      6.261730     12.523459
     -8.082976      7.071000      7.071000     14.142000
     -8.054363      7.483466      7.483466     14.966932
     -8.025751      7.332865      7.332865     14.665730
     -7.997139      6.705243      6.705243     13.410486
     -7.968526      5.893342      5.893342     11.786685
     -7.939914      5.202774      5.202774     10.405547
     -7.911302      4.768091      4.768091      9.536181
     -7.882690      4.534400      4.534400      9.068799
     -7.854077      4.401232      4.401232      8.802464
     -7.825465      4.373726      4.373726      8.747452
     -7.796853      4.572544      4.572544      9.145088
     -7.768240      5.096347      5.096347     10.192693
     -7.739628      5.869319      5.869319     11.738638
     -7.711016      6.624609      6.624609     13.249218
     -7.682403      7.055241      7.055241     14.110481
     -7.653791      7.009187      7.009187     14.018373
     -7.625179      6.568361      6.568361     13.136721
     -7.596567      5.968262      5.968262     11.936524
     -7.567954      5.449721      5.449721     10.899443
     -7.539342      5.154197      5.154197     10.308394
     -7.510730      5.101044      5.101044     10.202089
     -7.482117      5.219683      5.219683     10.439365
     -7.453505      5.397603      5.397603     10.795206
     -7.424893      5.526606      5.526606     11.053213
     -7.396280      5.548493      5.548493     11.096986
     -7.367668      5.494788      5.494788     10.989576
     -7.339056      5.489928      5.489928     10.979856
     -7.310443      5.683351      5.683351     11.366703
     -7.281831      6.126813      6.126813     12.253626
     -7.253219      6.688342      6.688342     13.376683
     -7.224607      7.102751      7.102751     14.205502
     -7.195994      7.153387      7.153387     14.306774
     -7.167382      6.845754      6.845754     13.691509
     -7.138770      6.414757      6.414757     12.829515
     -7.110157      6.141912      6.141912     12.283823
     -7.081545      6.130071      6.130071     12.260143
     -7.052933      6.230928      6.230928     12.461855
     -7.024320      6.190684      6.190684     12.381368
     -6.995708      5.884896      5.884896     11.769792
     -6.967096      5.441189      5.441189     10.882379
     -6.938484      5.163735      5.163735     10.327469
     -6.909871      5.343171      5.343171     10.686342
     -6.881259      6.095874      6.095874     12.191747
     -6.852647      7.315338      7.315338     14.630676
     -6.824034      8.732013      8.732013     17.464027
     -6.795422     10.027226     10.027226     20.054452
     -6.766810     10.941563     10.941563     21.883126
     -6.738197     11.351762     11.351762     22.703525
     -6.709585     11.322734     11.322734     22.645468
     -6.680973     11.128562     11.128562     22.257123
     -6.652361     11.206486     11.206486     22.412973
     -6.623748     12.026158     12.026158     24.052317
     -6.595136     13.917273     13.917273     27.834546
     -6.566524     16.933267     16.933267     33.866535
     -6.537911     20.807988     20.807988     41.615976
     -6.509299     25.022674     25.022674     50.045349
     -6.480687     28.970776     28.970776     57.941552
     -6.452074     32.173380     32.173380     64.346760
     -6.423462     34.456085     34.456085     68.912170
     -6.394850     35.993506     35.993506     71.987013
     -6.366237     37.191753     37.191753     74.383506
     -6.337625     38.477521     38.477521     76.955042
     -6.309013     40.126899     40.126899     80.253797
     -6.280401     42.242146     42.242146     84.484293
     -6.251788     44.864202     44.864202     89.728405
     -6.223176     48.086363     48.086363     96.172726
     -6.194564     52.048186     52.048186    104.096371
     -6.165951     56.833582     56.833582    113.667164
     -6.137339     62.395959     62.395959    124.791918
     -6.108727     68.561929     68.561929    137.123858
     -6.080114     75.023433     75.023433    150.046866
     -6.051502     81.229695     81.229695    162.459389
     -6.022890     86.288958     86.288958    172.577916
     -5.994278     89.136475     89.136475    178.272950
     -5.965665     89.029366     89.029366    178.058732
     -5.937053     86.023213     86.023213    172.046426
     -5.908441     80.981117     80.981117    161.962234
     -5.879828     75.072746     75.072746    150.145493
     -5.851216     69.189420     69.189420    138.378840
     -5.822604     63.706472     63.706472    127.412943
     -5.793991     58.642130     58.642130    117.284260
     -5.765379     53.965167     53.965167    107.930334
     -5.736767     49.806946     49.806946     99.613892
     -5.708155     46.478589     46.478589     92.957178
     -5.679542     44.309113     44.309113     88.618226
     -5.650930     43.388455     43.388455     86.776910
     -5.622318     43.356191     43.356191     86.712382
     -5.593705     43.416327     43.416327     86.832654
     -5.565093     42.685871     42.685871     85.371743
     -5.536481     40.720558     40.720558     81.441116
     -5.507868     37.807902     37.807902     75.615804
     -5.479256     34.752022     34.752022     69.504044
     -5.450644     32.346460     32.346460     64.692919
     -5.422031     30.977677     30.977677     61.955354
     -5.393419     30.550897     30.550897     61.101793
     -5.364807     30.605899     30.605899     61.211799
     -5.336195     30.502812     30.502812     61.005623
     -5.307582     29.702322     29.702322     59.404644
     -5.278970     28.088672     28.088672     56.177345
     -5.250358     26.099977     26.099977     52.199954
     -5.221745     24.487125     24.487125     48.974250
     -5.193133     23.836494     23.836494     47.672989
     -5.164521     24.229986     24.229986     48.459973
     -5.135908     25.327036     25.327036     50.654071
     -5.107296     26.817650     26.817650     53.635300
     -5.078684     28.895113     28.895113     57.790226
     -5.050072     32.359444     32.359444     64.718888
     -5.021459     38.215384     38.215384     76.430769
     -4.992847     46.998971     46.998971     93.997942
     -4.964235     58.287670     58.287670    116.575339
     -4.935622     70.732596     70.732596    141.465193
     -4.907010     82.558809     82.558809    165.117617
     -4.878398     92.138370     92.138370    184.276740
     -4.849785     98.284451     98.284451    196.568902
     -4.821173    100.294933    100.294933    200.589866
     -4.792561     98.024646     98.024646    196.049292
     -4.763948     92.057050     92.057050    184.114100
     -4.735336     83.693248     83.693248    167.386496
     -4.706724     74.541258     74.541258    149.082516
     -4.678112     65.925802     65.925802    131.851604
     -4.649499     58.539096     58.539096    117.078191
     -4.620887     52.477325     52.477325    104.954650
     -4.592275     47.482359     47.482359     94.964718
     -4.563662     43.194247     43.194247     86.388495
     -4.535050     39.360555     39.360555     78.721110
     -4.506438     35.977008     35.977008     71.954017
     -4.477825     33.281922     33.281922     66.563843
     -4.449213     31.578336     31.578336     63.156672
     -4.420601     31.026735     31.026735     62.053471
     -4.391989     31.634268     31.634268     63.268535
     -4.363376     33.499543     33.499543     66.999086
     -4.334764     37.077360     37.077360     74.154720
     -4.306152     43.111592     43.111592     86.223183
     -4.277539     52.102977     52.102977    104.205954
     -4.248927     63.594238     63.594238    127.188475
     -4.220315     75.849795     75.849795    151.699591
     -4.191702     86.358422     86.358422    172.716843
     -4.163090     92.964240     92.964240    185.928480
     -4.134478     94.841902     94.841902    189.683804
     -4.105866     92.616374     92.616374    185.232748
     -4.077253     87.662118     87.662118    175.324236
     -4.048641     81.266522     81.266522    162.533045
     -4.020029     74.301786     74.301786    148.603572
     -3.991416     67.440239     67.440239    134.880478
     -3.962804     61.411373     61.411373    122.822747
     -3.934192     56.860789     56.860789    113.721577
     -3.905579     53.928094     53.928094    107.856188
     -3.876967     52.061265     52.061265    104.122529
     -3.848355     50.359247     50.359247    100.718495
     -3.819742     48.164672     48.164672     96.329345
     -3.791130     45.395531     45.395531     90.791063
     -3.762518     42.436654     42.436654     84.873308
     -3.733906     39.836894     39.836894     79.673788
     -3.705293     38.074703     38.074703     76.149407
     -3.676681     37.392294     37.392294     74.784589
     -3.648069     37.638284     37.638284     75.276568
     -3.619456     38.258976     38.258976     76.517953
     -3.590844     38.609433     38.609433     77.218867
     -3.562232     38.429879     38.429879     76.859758
     -3.533619     38.050001     38.050001     76.100002
     -3.505007     38.064585     38.064585     76.129169
     -3.476395     38.729817     38.729817     77.459635
     -3.447783     39.634387     39.634387     79.268774
     -3.419170     39.975575     39.975575     79.951150
     -3.390558     39.217601     39.217601     78.435202
     -3.361946     37.565658     37.565658     75.131316
     -3.333333     35.882044     35.882044     71.764089
     -3.304721     35.163680     35.163680     70.327360
     -3.276109     36.001549     36.001549     72.003097
     -3.247496     38.367793     38.367793     76.735587
     -3.218884     41.794076     41.794076     83.588153
     -3.190272     45.719304     45.719304     91.438608
     -3.161660     49.673382     49.673382     99.346764
     -3.133047     53.171326     53.171326    106.342652
     -3.104435     55.557786     55.557786    111.115572
     -3.075823     56.131539     56.131539    112.263079
     -3.047210     54.563128     54.563128    109.126255
     -3.018598     51.277682     51.277682    102.555364
     -2.989986     47.462657     47.462657     94.925313
     -2.961373     44.628596     44.628596     89.257192
     -2.932761     43.969278     43.969278     87.938557
     -2.904149     45.920722     45.920722     91.841445
     -2.875536     50.138332     50.138332    100.276665
     -2.846924     55.724319     55.724319    111.448637
     -2.818312     61.416244     61.416244    122.832488
     -2.789700     65.765191     65.765191    131.530383
     -2.761087     67.556874     67.556874    135.113747
     -2.732475     66.402090     66.402090    132.804180
     -2.703863     62.983094     62.983094    125.966188
     -2.675250     58.623096     58.623096    117.246191
     -2.646638     54.521160     54.521160    109.042319
     -2.618026     51.306255     51.306255    102.612510
     -2.589413     49.127443     49.127443     98.254886
     -2.560801     47.908863     47.908863     95.817725
     -2.532189     47.397321     47.397321     94.794642
     -2.503577     47.111112     47.111112     94.222224
     -2.474964     46.508455     46.508455     93.016909
     -2.446352     45.335727     45.335727     90.671453
     -2.417740     43.772165     43.772165     87.544329
     -2.389127     42.210266     42.210266     84.420533
     -2.360515     40.964330     40.964330     81.928659
     -2.331903     40.208715     40.208715     80.417430
     -2.303290     40.053958     40.053958     80.107915
     -2.274678     40.505080     40.505080     81.010160
     -2.246066     41.319985     41.319985     82.639970
     -2.217454     42.025575     42.025575     84.051150
     -2.188841     42.181721     42.181721     84.363442
     -2.160229     41.655829     41.655829     83.311658
     -2.131617     40.652313     40.652313     81.304627
     -2.103004     39.564585     39.564585     79.129170
     -2.074392     38.926479     38.926479     77.852957
     -2.045780     39.508760     39.508760     79.017520
     -2.017167     42.233177     42.233177     84.466353
     -1.988555     47.633648     47.633648     95.267295
     -1.959943     55.139272     55.139272    110.278543
     -1.931330     62.878456     62.878456    125.756912
     -1.902718     68.433975     68.433975    136.867950
     -1.874106     70.164803     70.164803    140.329606
     -1.845494     68.129901     68.129901    136.259802
     -1.816881     63.917191     63.917191    127.834382
     -1.788269     59.568323     59.568323    119.136647
     -1.759657     56.445720     56.445720    112.891441
     -1.731044     54.772438     54.772438    109.544877
     -1.702432     53.949859     53.949859    107.899718
     -1.673820     53.224503     53.224503    106.449006
     -1.645207     52.161288     52.161288    104.322576
     -1.616595     50.661374     50.661374    101.322748
     -1.587983     48.696746     48.696746     97.393492
     -1.559371     46.151321     46.151321     92.302642
     -1.530758     42.948334     42.948334     85.896667
     -1.502146     39.258596     39.258596     78.517192
     -1.473534     35.496603     35.496603     70.993206
     -1.444921     32.098599     32.098599     64.197199
     -1.416309     29.319277     29.319277     58.638554
     -1.387697     27.184253     27.184253     54.368505
     -1.359084     25.525398     25.525398     51.050796
     -1.330472     24.030062     24.030062     48.060123
     -1.301860     22.352795     22.352795     44.705589
     -1.273247     20.299069     20.299069     40.598138
     -1.244635     17.950327     17.950327     35.900654
     -1.216023     15.607298     15.607298     31.214596
     -1.187411     13.592934     13.592934     27.185868
     -1.158798     12.067966     12.067966     24.135931
     -1.130186     10.972738     10.972738     21.945476
     -1.101574     10.105031     10.105031     20.210062
     -1.072961      9.267475      9.267475     18.534950
     -1.044349      8.388653      8.388653     16.777307
     -1.015737      7.543194      7.543194     15.086388
     -0.987124      6.867606      6.867606     13.735213
     -0.958512      6.443305      6.443305     12.886610
     -0.929900      6.232735      6.232735     12.465471
     -0.901288      6.101897      6.101897     12.203794
     -0.872675      5.895674      5.895674     11.791348
     -0.844063      5.505832      5.505832     11.011663
     -0.815451      4.897731      4.897731      9.795463
     -0.786838      4.105922      4.105922      8.211843
     -0.758226      3.223187      3.223187      6.446374
     -0.729614      2.385857      2.385857      4.771714
     -0.701001      1.739737      1.739737      3.479474
     -0.672389      1.384484      1.384484      2.768969
     -0.643777      1.322945      1.322945      2.645890
     -0.615165      1.453138      1.453138      2.906275
     -0.586552      1.618655      1.618655      3.237310
     -0.557940      1.688907      1.688907      3.377814
     -0.529328      1.612390      1.612390      3.224781
     -0.500715      1.410574      1.410574      2.821148
     -0.472103      1.136167      1.136167      2.272335
     -0.443491      0.841775      0.841775      1.683550
     -0.414878      0.573820      0.573820      1.147640
     -0.386266      0.373801      0.373801      0.747602
     -0.357654      0.272541      0.272541      0.545082
     -0.329041      0.280471      0.280471      0.560943
     -0.300429      0.379962      0.379962      0.759923
     -0.271817      0.523032      0.523032      1.046065
     -0.243205      0.641770      0.641770      1.283540
     -0.214592      0.676293      0.676293      1.352587
     -0.185980      0.606644      0.606644      1.213288
     -0.157368      0.462264      0.462264      0.924528
     -0.128755      0.299092      0.299092      0.598185
     -0.100143      0.164317      0.164317      0.328635
     -0.071531      0.076758      0.076758      0.153516
     -0.042918      0.031018      0.031018      0.062035
     -0.014306      0.013047      0.013047      0.026095
      0.014306      0.013074      0.013074      0.026149
      0.042918      0.031722      0.031722      0.063443
      0.071531      0.081550      0.081550      0.163100
      0.100143      0.185253      0.185253      0.370506
      0.128755      0.369823      0.369823      0.739645
      0.157368      0.658931      0.658931      1.317861
      0.185980      1.070009      1.070009      2.140018
      0.214592      1.618200      1.618200      3.236399
      0.243205      2.317631      2.317631      4.635263
      0.271817      3.169312      3.169312      6.338624
      0.300429      4.142540      4.142540      8.285080
      0.329041      5.171184      5.171184     10.342368
      0.357654      6.176155      6.176155     12.352310
      0.386266      7.104179      7.104179     14.208358
      0.414878      7.961107      7.961107     15.922214
      0.443491      8.812910      8.812910     17.625820
      0.472103      9.734243      9.734243     19.468487
      0.500715     10.732267     10.732267     21.464534
      0.529328     11.743737     11.743737     23.487473
      0.557940     12.792115     12.792115     25.584231
      0.586552     14.242551     14.242551     28.485101
      0.615165     16.938174     16.938174     33.876348
      0.643777     22.026219     22.026219     44.052438
      0.672389     30.470879     30.470879     60.941759
      0.701001     42.436811     42.436811     84.873621
      0.729614     56.840927     56.840927    113.681854
      0.758226     71.391837     71.391837    142.783675
      0.786838     83.248032     83.248032    166.496063
      0.815451     90.031927     90.031927    180.063855
      0.844063     90.678100     90.678100    181.356199
      0.872675     85.748760     85.748760    171.497521
      0.901288     77.199681     77.199681    154.399361
      0.929900     67.759583     67.759583    135.519166
      0.958512     60.105771     60.105771    120.211542
      0.987124     56.074257     56.074257    112.148514
      1.015737     56.206817     56.206817    112.413635
      1.044349     59.853037     59.853037    119.706073
      1.072961     65.772768     65.772768    131.545537
      1.101574     72.842554     72.842554    145.685109
      1.130186     80.347258     80.347258    160.694517
      1.158798     87.693523     87.693523    175.387046
      1.187411     93.967699     93.967699    187.935398
      1.216023     97.921445     97.921445    195.842891
      1.244635     98.496219     98.496219    196.992437
      1.273247     95.449914     95.449914    190.899828
      1.301860     89.579896     89.579896    179.159792
      1.330472     82.389342     82.389342    164.778685
      1.359084     75.434677     75.434677    150.869354
      1.387697     69.757026     69.757026    139.514052
      1.416309     65.675209     65.675209    131.350418
      1.444921     62.928913     62.928913    125.857826
      1.473534     60.977130     60.977130    121.954259
      1.502146     59.301609     59.301609    118.603218
      1.530758     57.649295     57.649295    115.298590
      1.559371     56.103906     56.103906    112.207812
      1.587983     54.872470     54.872470    109.744939
      1.616595     53.904287     53.904287    107.808573
      1.645207     52.717699     52.717699    105.435398
      1.673820     50.699644     50.699644    101.399288
      1.702432     47.679001     47.679001     95.358001
      1.731044     44.249227     44.249227     88.498455
      1.759657     41.504114     41.504114     83.008228
      1.788269     40.359502     40.359502     80.719005
      1.816881     40.972578     40.972578     81.945156
      1.845494     42.688618     42.688618     85.377236
      1.874106     44.551825     44.551825     89.103650
      1.902718     45.984747     45.984747     91.969493
      1.931330     47.082931     47.082931     94.165862
      1.959943     48.276952     48.276952     96.553905
      1.988555     49.678351     49.678351     99.356702
      2.017167     50.724161     50.724161    101.448321
      2.045780     50.465508     50.465508    100.931015
      2.074392     48.279687     48.279687     96.559374
      2.103004     44.436931     44.436931     88.873862
      2.131617     40.064128     40.064128     80.128257
      2.160229     36.487158     36.487158     72.974316
      2.188841     34.397156     34.397156     68.794311
      2.217454     33.459748     33.459748     66.919495
      2.246066     32.695873     32.695873     65.391746
      2.274678     31.357713     31.357713     62.715427
      2.303290     29.577751     29.577751     59.155503
      2.331903     28.223822     28.223822     56.447643
      2.360515     28.083222     28.083222     56.166444
      2.389127     29.116768     29.116768     58.233537
      2.417740     30.473023     30.473023     60.946047
      2.446352     31.245337     31.245337     62.490673
      2.474964     31.242000     31.242000     62.483999
      2.503577     31.032275     31.032275     62.064551
      2.532189     31.269519     31.269519     62.539038
      2.560801     32.017334     32.017334     64.034668
      2.589413     32.737501     32.737501     65.475001
      2.618026     32.855080     32.855080     65.710159
      2.646638     32.271230     32.271230     64.542459
      2.675250     31.396219     31.396219     62.792439
      2.703863     30.840533     30.840533     61.681067
      2.732475     31.142830     31.142830     62.285661
      2.761087     32.692978     32.692978     65.385956
      2.789700     35.709342     35.709342     71.418684
      2.818312     40.088429     40.088429     80.176858
      2.846924     45.177916     45.177916     90.355832
      2.875536     49.773886     49.773886     99.547771
      2.904149     52.570226     52.570226    105.140453
      2.932761     52.856366     52.856366    105.712733
      2.961373     50.919123     50.919123    101.838246
      2.989986     47.799792     47.799792     95.599585
      3.018598     44.616754     44.616754     89.233508
      3.047210     41.992353     41.992353     83.984706
      3.075823     39.937539     39.937539     79.875079
      3.104435     38.125539     38.125539     76.251078
      3.133047     36.240060     36.240060     72.480119
      3.161660     34.149539     34.149539     68.299078
      3.190272     31.879292     31.879292     63.758583
      3.218884     29.502966     29.502966     59.005932
      3.247496     27.068533     27.068533     54.137067
      3.276109     24.587349     24.587349     49.174699
      3.304721     22.048777     22.048777     44.097555
      3.333333     19.422335     19.422335     38.844671
      3.361946     16.660534     16.660534     33.321068
      3.390558     13.745015     13.745015     27.490031
      3.419170     10.767725     10.767725     21.535451
      3.447783      7.968915      7.968915     15.937830
      3.476395      5.670681      5.670681     11.341362
      3.505007      4.135864      4.135864      8.271729
      3.533619      3.442145      3.442145      6.884289
      3.562232      3.442172      3.442172      6.884344
      3.590844      3.822668      3.822668      7.645336
      3.619456      4.227208      4.227208      8.454415
      3.648069      4.384500      4.384500      8.769000
      3.676681      4.186960      4.186960      8.373919
      3.705293      3.692861      3.692861      7.385723
      3.733906      3.066015      3.066015      6.132029
      3.762518      2.489899      2.489899      4.979798
      3.791130      2.089086      2.089086      4.178173
      3.819742      1.885743      1.885743      3.771485
      3.848355      1.819756      1.819756      3.639513
      3.876967      1.829913      1.829913      3.659825
      3.905579      1.929732      1.929732      3.859463
      3.934192      2.194348      2.194348      4.388696
      3.962804      2.657317      2.657317      5.314634
      3.991416      3.223225      3.223225      6.446451
      4.020029      3.702954      3.702954      7.405908
      4.048641      3.952413      3.952413      7.904826
      4.077253      3.976692      3.976692      7.953384
      4.105866      3.893576      3.893576      7.787153
      4.134478      3.804697      3.804697      7.609395
      4.163090      3.715742      3.715742      7.431484
      4.191702      3.572054      3.572054      7.144108
      4.220315      3.342145      3.342145      6.684291
      4.248927      3.054541      3.054541      6.109082
      4.277539      2.772184      2.772184      5.544369
      4.306152      2.548934      2.548934      5.097869
      4.334764      2.403712      2.403712      4.807425
      4.363376      2.320194      2.320194      4.640388
      4.391989      2.264857      2.264857      4.529713
      4.420601      2.205917      2.205917      4.411834
      4.449213      2.122333      2.122333      4.244667
      4.477825      2.016608      2.016608      4.033217
      4.506438      1.941101      1.941101      3.882202
      4.535050      2.004537      2.004537      4.009075
      4.563662      2.315372      2.315372      4.630743
      4.592275      2.882489      2.882489      5.764978
      4.620887      3.558237      3.558237      7.116474
      4.649499      4.087044      4.087044      8.174088
      4.678112      4.235285      4.235285      8.470569
      4.706724      3.916364      3.916364      7.832727
      4.735336      3.235997      3.235997      6.471994
      4.763948      2.437792      2.437792      4.875585
      4.792561      1.783468      1.783468      3.566937
      4.821173      1.433065      1.433065      2.866129
      4.849785      1.389356      1.389356      2.778712
      4.878398      1.536159      1.536159      3.072319
      4.907010      1.744691      1.744691      3.489382
      4.935622      1.973481      1.973481      3.946961
      4.964235      2.285656      2.285656      4.571312
      4.992847      2.771893      2.771893      5.543785
      5.021459      3.449681      3.449681      6.899363
      5.050072      4.227199      4.227199      8.454398
      5.078684      4.957236      4.957236      9.914472
      5.107296      5.532885      5.532885     11.065770
      5.135908      5.954739      5.954739     11.909479
      5.164521      6.327367      6.327367     12.654734
      5.193133      6.788028      6.788028     13.576056
      5.221745      7.409806      7.409806     14.819612
      5.250358      8.141108      8.141108     16.282216
      5.278970      8.829857      8.829857     17.659715
      5.307582      9.326481      9.326481     18.652962
      5.336195      9.593244      9.593244     19.186488
      5.364807      9.733491      9.733491     19.466982
      5.393419      9.921861      9.921861     19.843722
      5.422031     10.298257     10.298257     20.596514
      5.450644     10.895626     10.895626     21.791251
      5.479256     11.618310     11.618310     23.236620
      5.507868     12.266848     12.266848     24.533697
      5.536481     12.633346     12.633346     25.266693
      5.565093     12.666457     12.666457     25.332914
      5.593705     12.586836     12.586836     25.173671
      5.622318     12.786634     12.786634     25.573269
      5.650930     13.528082     13.528082     27.056163
      5.679542     14.705175     14.705175     29.410349
      5.708155     15.913564     15.913564     31.827128
      5.736767     16.764962     16.764962     33.529925
      5.765379     17.148821     17.148821     34.297642
      5.793991     17.244898     17.244898     34.489796
      5.822604     17.359369     17.359369     34.718739
      5.851216     17.771639     17.771639     35.543277
      5.879828     18.663256     18.663256     37.326513
      5.908441     20.059625     20.059625     40.119250
      5.937053     21.747178     21.747178     43.494356
      5.965665     23.271740     23.271740     46.543479
      5.994278     24.139071     24.139071     48.278141
      6.022890     24.144129     24.144129     48.288258
      6.051502     23.564771     23.564771     47.129543
      6.080114     23.016648     23.016648     46.033297
      6.108727     23.052416     23.052416     46.104832
      6.137339     23.820405     23.820405     47.640809
      6.165951     25.039000     25.039000     50.077999
      6.194564     26.249847     26.249847     52.499694
      6.223176     27.084680     27.084680     54.169361
      6.251788     27.339453     27.339453     54.678905
      6.280401     26.898399     26.898399     53.796798
      6.309013     25.698652     25.698652     51.397304
      6.337625     23.826989     23.826989     47.653977
      6.366237     21.638106     21.638106     43.276212
      6.394850     19.718856     19.718856     39.437712
      6.423462     18.657256     18.657256     37.314512
      6.452074     18.754410     18.754410     37.508821
      6.480687     19.868755     19.868755     39.737510
      6.509299     21.483675     21.483675     42.967351
      6.537911     22.948263     22.948263     45.896525
      6.566524     23.757553     23.757553     47.515106
      6.595136     23.735234     23.735234     47.470468
      6.623748     23.043352     23.043352     46.086705
      6.652361     22.048915     22.048915     44.097831
      6.680973     21.158754     21.158754     42.317509
      6.709585     20.709276     20.709276     41.418553
      6.738197     20.898702     20.898702     41.797404
      6.766810     21.715145     21.715145     43.430290
      6.795422     22.895896     22.895896     45.791791
      6.824034     24.016438     24.016438     48.032876
      6.852647     24.713941     24.713941     49.427882
      6.881259     24.893070     24.893070     49.786139
      6.909871     24.762978     24.762978     49.525957
      6.938484     24.712836     24.712836     49.425671
      6.967096     25.123471     25.123471     50.246943
      6.995708     26.173252     26.173252     52.346504
      7.024320     27.700156     27.700156     55.400312
      7.052933     29.252140     29.252140     58.504280
      7.081545     30.387594     30.387594     60.775188
      7.110157     31.049232     31.049232     62.098465
      7.138770     31.704138     31.704138     63.408276
      7.167382     33.097086     33.097086     66.194172
      7.195994     35.750366     35.750366     71.500732
      7.224607     39.525214     39.525214     79.050428
      7.253219     43.546489     43.546489     87.092979
      7.281831     46.590450     46.590450     93.180900
      7.310443     47.727228     47.727228     95.454456
      7.339056     46.808632     46.808632     93.617263
      7.367668     44.499531     44.499531     88.999062
      7.396280     41.889381     41.889381     83.778762
      7.424893     39.976568     39.976568     79.953136
      7.453505     39.305063     39.305063     78.610127
      7.482117     39.862139     39.862139     79.724278
      7.510730     41.206200     41.206200     82.412399
      7.539342     42.725984     42.725984     85.451968
      7.567954     43.905258     43.905258     87.810516
      7.596567     44.495106     44.495106     88.990213
      7.625179     44.556059     44.556059     89.112119
      7.653791     44.351959     44.351959     88.703919
      7.682403     44.108680     44.108680     88.217361
      7.711016     43.792126     43.792126     87.584252
      7.739628     43.153405     43.153405     86.306809
      7.768240     42.075143     42.075143     84.150287
      7.796853     40.882790     40.882790     81.765580
      7.825465     40.246345     40.246345     80.492690
      7.854077     40.723687     40.723687     81.447374
      7.882690     42.400757     42.400757     84.801514
      7.911302     44.961684     44.961684     89.923368
      7.939914     48.016586     48.016586     96.033173
      7.968526     51.260261     51.260261    102.520523
      7.997139     54.338583     54.338583    108.677165
      8.025751     56.728819     56.728819    113.457638
      8.054363     57.911957     57.911957    115.823914
      8.082976     57.699379     57.699379    115.398757
      8.111588     56.365761     56.365761    112.731523
      8.140200     54.482030     54.482030    108.964059
      8.168813     52.641644     52.641644    105.283288
      8.197425     51.259584     51.259584    102.519168
      8.226037     50.454981     50.454981    100.909963
      8.254649     50.008113     50.008113    100.016226
      8.283262     49.460527     49.460527     98.921055
      8.311874     48.381024     48.381024     96.762048
      8.340486     46.657107     46.657107     93.314214
      8.369099     44.591467     44.591467     89.182934
      8.397711     42.694966     42.694966     85.389932
      8.426323     41.295244     41.295244     82.590489
      8.454936     40.248340     40.248340     80.496681
      8.483548     38.997383     38.997383     77.994767
      8.512160     36.967520     36.967520     73.935040
      8.540773     34.015548     34.015548     68.031096
      8.569385     30.604582     30.604582     61.209163
      8.597997     27.592831     27.592831     55.185662
      8.626609     25.802959     25.802959     51.605917
      8.655222     25.638750     25.638750     51.277500
      8.683834     26.927176     26.927176     53.854352
      8.712446     29.035318     29.035318     58.070635
      8.741059     31.204278     31.204278     62.408556
      8.769671     32.925286     32.925286     65.850572
      8.798283     34.132797     34.132797     68.265594
      8.826896     35.131532     35.131532     70.263064
      8.855508     36.402828     36.402828     72.805657
      8.884120     38.466349     38.466349     76.932698
      8.912732     41.771950     41.771950     83.543900
      8.941345     46.482823     46.482823     92.965646
      8.969957     52.192269     52.192269    104.384538
      8.998569     57.856941     57.856941    115.713881
      9.027182     62.166434     62.166434    124.332869
      9.055794     64.201796     64.201796    128.403592
      9.084406     63.930503     63.930503    127.861005
      9.113019     62.161432     62.161432    124.322863
      9.141631     59.996539     59.996539    119.993079
      9.170243     58.215088     58.215088    116.430175
      9.198856     57.050338     57.050338    114.100675
      9.227468     56.423471     56.423471    112.846942
      9.256080     56.270878     56.270878    112.541757
      9.284692     56.601818     56.601818    113.203635
      9.313305     57.326104     57.326104    114.652208
      9.341917     58.174847     58.174847    116.349694
      9.370529     58.870055     58.870055    117.740111
      9.399142     59.353345     59.353345    118.706691
      9.427754     59.810080     59.810080    119.620159
      9.456366     60.469543     60.469543    120.939086
      9.484979     61.393850     61.393850    122.787700
      9.513591     62.433020     62.433020    124.866039
      9.542203     63.310760     63.310760    126.621521
      9.570815     63.694682     63.694682    127.389363
      9.599428     63.211284     63.211284    126.422568
      9.628040     61.507187     61.507187    123.014374
      9.656652     58.416115     58.416115    116.832230
      9.685265     54.123106     54.123106    108.246211
      9.713877     49.165747     49.165747     98.331493
      9.742489     44.256476     44.256476     88.512951
      9.771102     40.065643     40.065643     80.131286
      9.799714     37.087414     37.087414     74.174828
      9.828326     35.579073     35.579073     71.158146
      9.856938     35.519805     35.519805     71.039610
      9.885551     36.614474     36.614474     73.228947
      9.914163     38.396004     38.396004     76.792009
      9.942775     40.383073     40.383073     80.766146
      9.971388     42.198197     42.198197     84.396394
     10.000000     43.635981     43.635981     87.271963
