# EIG2DOS: Utility for SIESTA to obtain the electronic density of states
#  E. Artacho, Apr 1999, A. Garcia, Apr 2012
# ------------------------------------------
# Eigenvalues read from 2mos2-1graphene.EIG
# Using smearing parameter:   0.100
# Using    700 points in energy range
# Selected bands: 1 to: 1962
# Emin, emax in file for selected band(s):    -22.8450200    144.0566700
# Nbands, Nspin, Nk   =   1962     1    25
# E_F                 =    -4.7073 eV --> (shifted to ZERO)
# Broadening          =     0.1000 eV
#
#        E            N(up)  (=)   N(down)         Ntot
    -10.000000      4.490640      4.490640      8.981279
     -9.971388      4.921368      4.921368      9.842736
     -9.942775      4.922603      4.922603      9.845205
     -9.914163      4.483627      4.483627      8.967253
     -9.885551      3.735188      3.735188      7.470376
     -9.856938      2.882314      2.882314      5.764628
     -9.828326      2.149023      2.149023      4.298046
     -9.799714      1.738307      1.738307      3.476614
     -9.771102      1.787690      1.787690      3.575380
     -9.742489      2.317429      2.317429      4.634857
     -9.713877      3.194953      3.194953      6.389905
     -9.685265      4.150094      4.150094      8.300188
     -9.656652      4.859869      4.859869      9.719739
     -9.628040      5.078267      5.078267     10.156534
     -9.599428      4.741996      4.741996      9.483991
     -9.570815      3.985642      3.985642      7.971284
     -9.542203      3.063353      3.063353      6.126705
     -9.513591      2.243128      2.243128      4.486255
     -9.484979      1.741959      1.741959      3.483919
     -9.456366      1.706712      1.706712      3.413424
     -9.427754      2.193900      2.193900      4.387799
     -9.399142      3.121552      3.121552      6.243103
     -9.370529      4.234327      4.234327      8.468654
     -9.341917      5.158214      5.158214     10.316428
     -9.313305      5.566179      5.566179     11.132358
     -9.284692      5.364607      5.364607     10.729214
     -9.256080      4.756089      4.756089      9.512178
     -9.227468      4.114865      4.114865      8.229731
     -9.198856      3.764325      3.764325      7.528651
     -9.170243      3.823977      3.823977      7.647955
     -9.141631      4.221021      4.221021      8.442042
     -9.113019      4.807952      4.807952      9.615904
     -9.084406      5.442929      5.442929     10.885858
     -9.055794      5.969450      5.969450     11.938900
     -9.027182      6.189118      6.189118     12.378236
     -8.998569      5.946167      5.946167     11.892333
     -8.969957      5.279063      5.279063     10.558126
     -8.941345      4.460145      4.460145      8.920291
     -8.912732      3.840055      3.840055      7.680110
     -8.884120      3.630245      3.630245      7.260490
     -8.855508      3.823607      3.823607      7.647215
     -8.826896      4.296968      4.296968      8.593936
     -8.798283      4.950816      4.950816      9.901631
     -8.769671      5.728046      5.728046     11.456091
     -8.741059      6.514277      6.514277     13.028553
     -8.712446      7.071406      7.071406     14.142812
     -8.683834      7.129296      7.129296     14.258592
     -8.655222      6.586564      6.586564     13.173127
     -8.626609      5.635607      5.635607     11.271214
     -8.597997      4.676152      4.676152      9.352304
     -8.569385      4.073446      4.073446      8.146892
     -8.540773      3.960223      3.960223      7.920446
     -8.512160      4.231950      4.231950      8.463899
     -8.483548      4.699030      4.699030      9.398060
     -8.454936      5.229755      5.229755     10.459510
     -8.426323      5.763458      5.763458     11.526915
     -8.397711      6.227123      6.227123     12.454245
     -8.369099      6.485554      6.485554     12.971109
     -8.340486      6.403886      6.403886     12.807771
     -8.311874      5.964970      5.964970     11.929940
     -8.283262      5.313617      5.313617     10.627234
     -8.254649      4.676567      4.676567      9.353134
     -8.226037      4.241659      4.241659      8.483319
     -8.197425      4.107863      4.107863      8.215725
     -8.168813      4.314219      4.314219      8.628438
     -8.140200      4.863734      4.863734      9.727468
     -8.111588      5.687761      5.687761     11.375522
     -8.082976      6.593802      6.593802     13.187605
     -8.054363      7.285998      7.285998     14.571996
     -8.025751      7.494326      7.494326     14.988652
     -7.997139      7.140526      7.140526     14.281052
     -7.968526      6.403696      6.403696     12.807391
     -7.939914      5.607926      5.607926     11.215852
     -7.911302      5.009525      5.009525     10.019051
     -7.882690      4.663255      4.663255      9.326509
     -7.854077      4.475678      4.475678      8.951355
     -7.825465      4.373699      4.373699      8.747399
     -7.796853      4.414218      4.414218      8.828436
     -7.768240      4.730345      4.730345      9.460691
     -7.739628      5.368413      5.368413     10.736826
     -7.711016      6.172745      6.172745     12.345489
     -7.682403      6.837477      6.837477     13.674953
     -7.653791      7.094342      7.094342     14.188684
     -7.625179      6.879200      6.879200     13.758400
     -7.596567      6.347520      6.347520     12.695040
     -7.567954      5.753722      5.753722     11.507443
     -7.539342      5.309150      5.309150     10.618299
     -7.510730      5.108193      5.108193     10.216385
     -7.482117      5.131121      5.131121     10.262243
     -7.453505      5.285968      5.285968     10.571937
     -7.424893      5.456543      5.456543     10.913087
     -7.396280      5.548022      5.548022     11.096045
     -7.367668      5.532280      5.532280     11.064560
     -7.339056      5.478674      5.478674     10.957348
     -7.310443      5.533128      5.533128     11.066255
     -7.281831      5.823424      5.823424     11.646849
     -7.253219      6.336659      6.336659     12.673319
     -7.224607      6.876169      6.876169     13.752338
     -7.195994      7.170106      7.170106     14.340211
     -7.167382      7.071182      7.071182     14.142365
     -7.138770      6.681865      6.681865     13.363731
     -7.110157      6.282809      6.282809     12.565618
     -7.081545      6.110261      6.110261     12.220522
     -7.052933      6.168836      6.168836     12.337672
     -7.024320      6.244415      6.244415     12.488829
     -6.995708      6.106929      6.106929     12.213858
     -6.967096      5.724794      5.724794     11.449588
     -6.938484      5.314915      5.314915     10.629830
     -6.909871      5.210059      5.210059     10.420118
     -6.881259      5.665640      5.665640     11.331280
     -6.852647      6.733978      6.733978     13.467955
     -6.824034      8.255397      8.255397     16.510795
     -6.795422      9.947311      9.947311     19.894623
     -6.766810     11.539932     11.539932     23.079863
     -6.738197     12.898811     12.898811     25.797623
     -6.709585     14.084274     14.084274     28.168548
     -6.680973     15.319139     15.319139     30.638279
     -6.652361     16.871738     16.871738     33.743477
     -6.623748     18.914500     18.914500     37.829000
     -6.595136     21.447778     21.447778     42.895555
     -6.566524     24.330967     24.330967     48.661934
     -6.537911     27.370492     27.370492     54.740985
     -6.509299     30.377748     30.377748     60.755496
     -6.480687     33.170776     33.170776     66.341552
     -6.452074     35.579905     35.579905     71.159810
     -6.423462     37.525715     37.525715     75.051430
     -6.394850     39.138955     39.138955     78.277910
     -6.366237     40.785887     40.785887     81.571773
     -6.337625     42.905058     42.905058     85.810115
     -6.309013     45.756878     45.756878     91.513756
     -6.280401     49.307020     49.307020     98.614040
     -6.251788     53.335550     53.335550    106.671101
     -6.223176     57.648324     57.648324    115.296648
     -6.194564     62.222909     62.222909    124.445818
     -6.165951     67.212019     67.212019    134.424038
     -6.137339     72.775387     72.775387    145.550775
     -6.108727     78.763560     78.763560    157.527120
     -6.080114     84.446068     84.446068    168.892135
     -6.051502     88.583434     88.583434    177.166868
     -6.022890     89.939250     89.939250    179.878501
     -5.994278     87.943924     87.943924    175.887847
     -5.965665     83.039591     83.039591    166.079181
     -5.937053     76.437370     76.437370    152.874741
     -5.908441     69.451913     69.451913    138.903827
     -5.879828     62.911613     62.911613    125.823227
     -5.851216     57.067648     57.067648    114.135296
     -5.822604     51.959796     51.959796    103.919591
     -5.793991     47.793301     47.793301     95.586601
     -5.765379     44.952229     44.952229     89.904458
     -5.736767     43.679688     43.679688     87.359376
     -5.708155     43.734306     43.734306     87.468612
     -5.679542     44.308126     44.308126     88.616252
     -5.650930     44.312623     44.312623     88.625247
     -5.622318     42.923803     42.923803     85.847606
     -5.593705     40.071664     40.071664     80.143327
     -5.565093     36.513505     36.513505     73.027010
     -5.536481     33.375155     33.375155     66.750309
     -5.507868     31.443263     31.443263     62.886526
     -5.479256     30.710387     30.710387     61.420773
     -5.450644     30.499533     30.499533     60.999066
     -5.422031     30.046849     30.046849     60.093697
     -5.393419     29.064945     29.064945     58.129890
     -5.364807     27.849271     27.849271     55.698541
     -5.336195     26.901604     26.901604     53.803209
     -5.307582     26.466122     26.466122     52.932245
     -5.278970     26.407351     26.407351     52.814701
     -5.250358     26.479371     26.479371     52.958741
     -5.221745     26.657908     26.657908     53.315816
     -5.193133     27.231629     27.231629     54.463258
     -5.164521     28.678669     28.678669     57.357338
     -5.135908     31.542961     31.542961     63.085923
     -5.107296     36.376146     36.376146     72.752292
     -5.078684     43.604042     43.604042     87.208083
     -5.050072     53.236336     53.236336    106.472673
     -5.021459     64.588544     64.588544    129.177087
     -4.992847     76.287934     76.287934    152.575867
     -4.964235     86.645000     86.645000    173.290000
     -4.935622     94.183779     94.183779    188.367557
     -4.907010     98.019311     98.019311    196.038622
     -4.878398     97.935635     97.935635    195.871269
     -4.849785     94.273395     94.273395    188.546790
     -4.821173     87.804646     87.804646    175.609292
     -4.792561     79.606069     79.606069    159.212139
     -4.763948     70.828070     70.828070    141.656139
     -4.735336     62.405562     62.405562    124.811124
     -4.706724     54.922745     54.922745    109.845490
     -4.678112     48.699995     48.699995     97.399990
     -4.649499     43.895277     43.895277     87.790553
     -4.620887     40.451878     40.451878     80.903757
     -4.592275     38.035709     38.035709     76.071417
     -4.563662     36.180913     36.180913     72.361827
     -4.535050     34.566996     34.566996     69.133992
     -4.506438     33.164116     33.164116     66.328232
     -4.477825     32.206633     32.206633     64.413266
     -4.449213     32.202137     32.202137     64.404273
     -4.420601     34.015847     34.015847     68.031694
     -4.391989     38.734936     38.734936     77.469872
     -4.363376     47.088164     47.088164     94.176328
     -4.334764     58.692084     58.692084    117.384168
     -4.306152     71.731588     71.731588    143.463176
     -4.277539     83.456797     83.456797    166.913593
     -4.248927     91.302604     91.302604    182.605208
     -4.220315     93.992665     93.992665    187.985330
     -4.191702     91.971839     91.971839    183.943678
     -4.163090     86.924269     86.924269    173.848537
     -4.134478     80.739903     80.739903    161.479805
     -4.105866     74.668342     74.668342    149.336685
     -4.077253     69.184562     69.184562    138.369124
     -4.048641     64.415515     64.415515    128.831030
     -4.020029     60.510223     60.510223    121.020445
     -3.991416     57.574352     57.574352    115.148705
     -3.962804     55.393508     55.393508    110.787015
     -3.934192     53.399396     53.399396    106.798793
     -3.905579     51.002130     51.002130    102.004261
     -3.876967     47.991229     47.991229     95.982459
     -3.848355     44.647784     44.647784     89.295569
     -3.819742     41.502762     41.502762     83.005525
     -3.791130     38.991654     38.991654     77.983308
     -3.762518     37.295477     37.295477     74.590955
     -3.733906     36.419652     36.419652     72.839304
     -3.705293     36.322844     36.322844     72.645688
     -3.676681     36.921146     36.921146     73.842292
     -3.648069     38.006567     38.006567     76.013134
     -3.619456     39.246078     39.246078     78.492156
     -3.590844     40.306581     40.306581     80.613163
     -3.562232     40.962459     40.962459     81.924918
     -3.533619     41.067659     41.067659     82.135319
     -3.505007     40.485063     40.485063     80.970125
     -3.476395     39.148256     39.148256     78.296513
     -3.447783     37.247783     37.247783     74.495565
     -3.419170     35.331026     35.331026     70.662053
     -3.390558     34.154916     34.154916     68.309831
     -3.361946     34.366791     34.366791     68.733583
     -3.333333     36.231647     36.231647     72.463294
     -3.304721     39.551987     39.551987     79.103973
     -3.276109     43.774116     43.774116     87.548231
     -3.247496     48.193870     48.193870     96.387740
     -3.218884     52.158802     52.158802    104.317604
     -3.190272     55.170744     55.170744    110.341488
     -3.161660     56.870585     56.870585    113.741169
     -3.133047     57.020758     57.020758    114.041517
     -3.104435     55.613062     55.613062    111.226124
     -3.075823     53.047416     53.047416    106.094833
     -3.047210     50.171136     50.171136    100.342272
     -3.018598     48.051124     48.051124     96.102248
     -2.989986     47.569653     47.569653     95.139305
     -2.961373     49.058133     49.058133     98.116266
     -2.932761     52.161487     52.161487    104.322974
     -2.904149     56.015873     56.015873    112.031746
     -2.875536     59.639722     59.639722    119.279445
     -2.846924     62.278601     62.278601    124.557202
     -2.818312     63.510582     63.510582    127.021163
     -2.789700     63.182619     63.182619    126.365237
     -2.761087     61.372129     61.372129    122.744258
     -2.732475     58.410815     58.410815    116.821630
     -2.703863     54.857285     54.857285    109.714570
     -2.675250     51.365659     51.365659    102.731317
     -2.646638     48.499455     48.499455     96.998911
     -2.618026     46.553551     46.553551     93.107102
     -2.589413     45.467233     45.467233     90.934466
     -2.560801     44.918339     44.918339     89.836678
     -2.532189     44.551295     44.551295     89.102589
     -2.503577     44.142424     44.142424     88.284847
     -2.474964     43.599895     43.599895     87.199790
     -2.446352     42.919864     42.919864     85.839727
     -2.417740     42.218629     42.218629     84.437259
     -2.389127     41.742232     41.742232     83.484463
     -2.360515     41.703384     41.703384     83.406768
     -2.331903     42.031534     42.031534     84.063068
     -2.303290     42.304306     42.304306     84.608613
     -2.274678     41.987049     41.987049     83.974098
     -2.246066     40.805051     40.805051     81.610101
     -2.217454     38.951328     38.951328     77.902656
     -2.188841     37.015731     37.015731     74.031462
     -2.160229     35.794637     35.794637     71.589273
     -2.131617     36.164279     36.164279     72.328558
     -2.103004     38.941151     38.941151     77.882301
     -2.074392     44.520361     44.520361     89.040723
     -2.045780     52.379842     52.379842    104.759685
     -2.017167     60.915342     60.915342    121.830684
     -1.988555     67.946024     67.946024    135.892047
     -1.959943     71.659224     71.659224    143.318447
     -1.931330     71.394288     71.394288    142.788576
     -1.902718     67.838627     67.838627    135.677254
     -1.874106     62.619422     62.619422    125.238844
     -1.845494     57.556176     57.556176    115.112352
     -1.816881     53.945400     53.945400    107.890801
     -1.788269     52.202515     52.202515    104.405029
     -1.759657     51.957100     51.957100    103.914201
     -1.731044     52.415444     52.415444    104.830889
     -1.702432     52.718714     52.718714    105.437428
     -1.673820     52.173642     52.173642    104.347283
     -1.645207     50.389011     50.389011    100.778022
     -1.616595     47.349645     47.349645     94.699291
     -1.587983     43.389014     43.389014     86.778029
     -1.559371     39.038612     39.038612     78.077223
     -1.530758     34.823030     34.823030     69.646060
     -1.502146     31.107183     31.107183     62.214365
     -1.473534     28.046699     28.046699     56.093398
     -1.444921     25.618059     25.618059     51.236119
     -1.416309     23.683305     23.683305     47.366610
     -1.387697     22.069884     22.069884     44.139767
     -1.359084     20.650436     20.650436     41.300871
     -1.330472     19.368915     19.368915     38.737831
     -1.301860     18.175515     18.175515     36.351029
     -1.273247     16.947743     16.947743     33.895487
     -1.244635     15.527004     15.527004     31.054008
     -1.216023     13.860945     13.860945     27.721889
     -1.187411     12.083622     12.083622     24.167244
     -1.158798     10.423386     10.423386     20.846771
     -1.130186      9.031171      9.031171     18.062343
     -1.101574      7.905985      7.905985     15.811971
     -1.072961      6.974747      6.974747     13.949493
     -1.044349      6.218719      6.218719     12.437439
     -1.015737      5.705088      5.705088     11.410176
     -0.987124      5.498641      5.498641     10.997282
     -0.958512      5.558443      5.558443     11.116887
     -0.929900      5.725470      5.725470     11.450939
     -0.901288      5.797494      5.797494     11.594989
     -0.872675      5.613544      5.613544     11.227088
     -0.844063      5.100229      5.100229     10.200459
     -0.815451      4.286119      4.286119      8.572238
     -0.786838      3.293413      3.293413      6.586827
     -0.758226      2.300272      2.300272      4.600545
     -0.729614      1.480558      1.480558      2.961116
     -0.701001      0.950877      0.950877      1.901755
     -0.672389      0.747946      0.747946      1.495892
     -0.643777      0.831324      0.831324      1.662648
     -0.615165      1.096871      1.096871      2.193742
     -0.586552      1.402715      1.402715      2.805430
     -0.557940      1.615861      1.615861      3.231722
     -0.529328      1.662365      1.662365      3.324729
     -0.500715      1.544136      1.544136      3.088272
     -0.472103      1.311632      1.311632      2.623265
     -0.443491      1.024767      1.024767      2.049535
     -0.414878      0.735334      0.735334      1.470669
     -0.386266      0.488502      0.488502      0.977003
     -0.357654      0.322920      0.322920      0.645839
     -0.329041      0.262871      0.262871      0.525743
     -0.300429      0.308952      0.308952      0.617903
     -0.271817      0.431940      0.431940      0.863879
     -0.243205      0.574189      0.574189      1.148379
     -0.214592      0.666788      0.666788      1.333577
     -0.185980      0.661757      0.661757      1.323515
     -0.157368      0.558424      0.558424      1.116848
     -0.128755      0.400204      0.400204      0.800409
     -0.100143      0.243564      0.243564      0.487127
     -0.071531      0.126113      0.126113      0.252226
     -0.042918      0.056731      0.056731      0.113462
     -0.014306      0.027064      0.027064      0.054127
      0.014306      0.029910      0.029910      0.059820
      0.042918      0.074230      0.074230      0.148460
      0.071531      0.194510      0.194510      0.389019
      0.100143      0.451667      0.451667      0.903333
      0.128755      0.917710      0.917710      1.835420
      0.157368      1.640490      1.640490      3.280979
      0.185980      2.603185      2.603185      5.206370
      0.214592      3.709478      3.709478      7.418955
      0.243205      4.815254      4.815254      9.630508
      0.271817      5.792405      5.792405     11.584810
      0.300429      6.584565      6.584565     13.169131
      0.329041      7.224465      7.224465     14.448930
      0.357654      7.810891      7.810891     15.621783
      0.386266      8.460841      8.460841     16.921682
      0.414878      9.261363      9.261363     18.522726
      0.443491     10.258547     10.258547     20.517095
      0.472103     11.518598     11.518598     23.037196
      0.500715     13.252058     13.252058     26.504116
      0.529328     15.927955     15.927955     31.855910
      0.557940     20.269888     20.269888     40.539777
      0.586552     27.046858     27.046858     54.093717
      0.615165     36.659837     36.659837     73.319673
      0.643777     48.687387     48.687387     97.374773
      0.672389     61.699740     61.699740    123.399480
      0.701001     73.577959     73.577959    147.155918
      0.729614     82.231183     82.231183    164.462367
      0.758226     86.299541     86.299541    172.599082
      0.786838     85.508237     85.508237    171.016475
      0.815451     80.671556     80.671556    161.343112
      0.844063     73.490610     73.490610    146.981219
      0.872675     66.159196     66.159196    132.318391
      0.901288     60.745097     60.745097    121.490194
      0.929900     58.521958     58.521958    117.043916
      0.958512     59.620190     59.620190    119.240381
      0.987124     63.256945     63.256945    126.513891
      1.015737     68.411315     68.411315    136.822630
      1.044349     74.415676     74.415676    148.831351
      1.072961     80.946819     80.946819    161.893638
      1.101574     87.472202     87.472202    174.944403
      1.130186     92.833960     92.833960    185.667920
      1.158798     95.581564     95.581564    191.163127
      1.187411     94.867139     94.867139    189.734277
      1.216023     91.069557     91.069557    182.139113
      1.244635     85.554345     85.554345    171.108689
      1.273247     79.812486     79.812486    159.624971
      1.301860     74.726754     74.726754    149.453508
      1.330472     70.441629     70.441629    140.883258
      1.359084     66.694617     66.694617    133.389235
      1.387697     63.181638     63.181638    126.363275
      1.416309     59.741822     59.741822    119.483643
      1.444921     56.442530     56.442530    112.885060
      1.473534     53.623365     53.623365    107.246730
      1.502146     51.761669     51.761669    103.523337
      1.530758     51.089010     51.089010    102.178019
      1.559371     51.234990     51.234990    102.469980
      1.587983     51.309446     51.309446    102.618892
      1.616595     50.474581     50.474581    100.949163
      1.645207     48.564350     48.564350     97.128700
      1.673820     46.223340     46.223340     92.446679
      1.702432     44.442261     44.442261     88.884522
      1.731044     43.855747     43.855747     87.711495
      1.759657     44.334016     44.334016     88.668033
      1.788269     45.168135     45.168135     90.336270
      1.816881     45.702293     45.702293     91.404586
      1.845494     45.894570     45.894570     91.789140
      1.874106     46.295677     46.295677     92.591355
      1.902718     47.411880     47.411880     94.823760
      1.931330     49.008518     49.008518     98.017035
      1.959943     50.040517     50.040517    100.081034
      1.988555     49.363131     49.363131     98.726261
      2.017167     46.644402     46.644402     93.288805
      2.045780     42.687580     42.687580     85.375160
      2.074392     38.891396     38.891396     77.782791
      2.103004     36.308569     36.308569     72.617138
      2.131617     35.039228     35.039228     70.078455
      2.160229     34.361970     34.361970     68.723941
      2.188841     33.424326     33.424326     66.848652
      2.217454     31.931437     31.931437     63.862874
      2.246066     30.315004     30.315004     60.630009
      2.274678     29.285764     29.285764     58.571528
      2.303290     29.176207     29.176207     58.352415
      2.331903     29.661124     29.661124     59.322247
      2.360515     30.100075     30.100075     60.200150
      2.389127     30.151618     30.151618     60.303237
      2.417740     30.047889     30.047889     60.095777
      2.446352     30.280533     30.280533     60.561066
      2.474964     31.056011     31.056011     62.112023
      2.503577     32.078833     32.078833     64.157666
      2.532189     32.833732     32.833732     65.667464
      2.560801     33.029825     33.029825     66.059651
      2.589413     32.784336     32.784336     65.568671
      2.618026     32.475243     32.475243     64.950486
      2.646638     32.520792     32.520792     65.041585
      2.675250     33.294020     33.294020     66.588040
      2.703863     35.100999     35.100999     70.201998
      2.732475     38.056246     38.056246     76.112493
      2.761087     41.893294     41.893294     83.786588
      2.789700     45.927284     45.927284     91.854568
      2.818312     49.265622     49.265622     98.531243
      2.846924     51.126568     51.126568    102.253135
      2.875536     51.096239     51.096239    102.192478
      2.904149     49.275578     49.275578     98.551155
      2.932761     46.279544     46.279544     92.559089
      2.961373     43.004474     43.004474     86.008947
      2.989986     40.216946     40.216946     80.433892
      3.018598     38.230027     38.230027     76.460054
      3.047210     36.881886     36.881886     73.763773
      3.075823     35.751576     35.751576     71.503152
      3.104435     34.404890     34.404890     68.809780
      3.133047     32.559796     32.559796     65.119593
      3.161660     30.158405     30.158405     60.316810
      3.190272     27.332869     27.332869     54.665738
      3.218884     24.282533     24.282533     48.565065
      3.247496     21.156313     21.156313     42.312626
      3.276109     18.032271     18.032271     36.064542
      3.304721     14.984573     14.984573     29.969146
      3.333333     12.142214     12.142214     24.284429
      3.361946      9.662918      9.662918     19.325836
      3.390558      7.643841      7.643841     15.287682
      3.419170      6.064087      6.064087     12.128174
      3.447783      4.824890      4.824890      9.649780
      3.476395      3.853840      3.853840      7.707679
      3.505007      3.173906      3.173906      6.347812
      3.533619      2.870067      2.870067      5.740134
      3.562232      2.981464      2.981464      5.962928
      3.590844      3.413266      3.413266      6.826531
      3.619456      3.942240      3.942240      7.884479
      3.648069      4.311691      4.311691      8.623382
      3.676681      4.347993      4.347993      8.695987
      3.705293      4.026660      4.026660      8.053319
      3.733906      3.460608      3.460608      6.921216
      3.762518      2.832898      2.832898      5.665797
      3.791130      2.313242      2.313242      4.626484
      3.819742      1.989996      1.989996      3.979991
      3.848355      1.847968      1.847968      3.695936
      3.876967      1.815166      1.815166      3.630332
      3.905579      1.852828      1.852828      3.705656
      3.934192      2.005276      2.005276      4.010553
      3.962804      2.346360      2.346360      4.692720
      3.991416      2.866334      2.866334      5.732668
      4.020029      3.422809      3.422809      6.845617
      4.048641      3.825606      3.825606      7.651211
      4.077253      3.981093      3.981093      7.962187
      4.105866      3.948849      3.948849      7.897697
      4.134478      3.856405      3.856405      7.712810
      4.163090      3.772589      3.772589      7.545179
      4.191702      3.671066      3.671066      7.342132
      4.220315      3.496668      3.496668      6.993336
      4.248927      3.239671      3.239671      6.479343
      4.277539      2.946465      2.946465      5.892929
      4.306152      2.681279      2.681279      5.362558
      4.334764      2.486672      2.486672      4.973345
      4.363376      2.367254      2.367254      4.734507
      4.391989      2.297771      2.297771      4.595543
      4.420601      2.243852      2.243852      4.487705
      4.449213      2.177146      2.177146      4.354293
      4.477825      2.083052      2.083052      4.166104
      4.506438      1.979340      1.979340      3.958679
      4.535050      1.941268      1.941268      3.882537
      4.563662      2.087645      2.087645      4.175291
      4.592275      2.501255      2.501255      5.002511
      4.620887      3.134246      3.134246      6.268493
      4.649499      3.787219      3.787219      7.574438
      4.678112      4.195757      4.195757      8.391513
      4.706724      4.169590      4.169590      8.339180
      4.735336      3.694275      3.694275      7.388551
      4.763948      2.938724      2.938724      5.877449
      4.792561      2.171269      2.171269      4.342537
      4.821173      1.634250      1.634250      3.268500
      4.849785      1.446363      1.446363      2.892725
      4.878398      1.585477      1.585477      3.170955
      4.907010      1.955807      1.955807      3.911614
      4.935622      2.484235      2.484235      4.968469
      4.964235      3.162353      3.162353      6.324707
      4.992847      3.993631      3.993631      7.987262
      5.021459      4.902646      4.902646      9.805292
      5.050072      5.719252      5.719252     11.438504
      5.078684      6.285026      6.285026     12.570052
      5.107296      6.594619      6.594619     13.189239
      5.135908      6.826059      6.826059     13.652118
      5.164521      7.209196      7.209196     14.418392
      5.193133      7.844854      7.844854     15.689708
      5.221745      8.644563      8.644563     17.289126
      5.250358      9.437193      9.437193     18.874386
      5.278970     10.116635     10.116635     20.233270
      5.307582     10.682642     10.682642     21.365284
      5.336195     11.169261     11.169261     22.338521
      5.364807     11.575705     11.575705     23.151410
      5.393419     11.875814     11.875814     23.751628
      5.422031     12.062304     12.062304     24.124608
      5.450644     12.149952     12.149952     24.299904
      5.479256     12.149166     12.149166     24.298332
      5.507868     12.083511     12.083511     24.167021
      5.536481     12.053267     12.053267     24.106534
      5.565093     12.245596     12.245596     24.491192
      5.593705     12.828656     12.828656     25.657312
      5.622318     13.808356     13.808356     27.616713
      5.650930     14.983493     14.983493     29.966985
      5.679542     16.042469     16.042469     32.084938
      5.708155     16.724205     16.724205     33.448411
      5.736767     16.937213     16.937213     33.874427
      5.765379     16.793336     16.793336     33.586672
      5.793991     16.581302     16.581302     33.162604
      5.822604     16.699207     16.699207     33.398414
      5.851216     17.511678     17.511678     35.023356
      5.879828     19.126642     19.126642     38.253284
      5.908441     21.227347     21.227347     42.454694
      5.937053     23.160509     23.160509     46.321019
      5.965665     24.304983     24.304983     48.609966
      5.994278     24.465657     24.465657     48.931314
      6.022890     23.977198     23.977198     47.954395
      6.051502     23.456242     23.456242     46.912484
      6.080114     23.427364     23.427364     46.854728
      6.108727     24.071278     24.071278     48.142555
      6.137339     25.172324     25.172324     50.344649
      6.165951     26.238451     26.238451     52.476901
      6.194564     26.756192     26.756192     53.512385
      6.223176     26.467549     26.467549     52.935098
      6.251788     25.472302     25.472302     50.944604
      6.280401     24.083902     24.083902     48.167804
      6.309013     22.618629     22.618629     45.237258
      6.337625     21.326627     21.326627     42.653253
      6.366237     20.425946     20.425946     40.851891
      6.394850     20.056368     20.056368     40.112737
      6.423462     20.153519     20.153519     40.307039
      6.452074     20.453966     20.453966     40.907931
      6.480687     20.714067     20.714067     41.428135
      6.509299     20.912055     20.912055     41.824111
      6.537911     21.172642     21.172642     42.345284
      6.566524     21.502096     21.502096     43.004191
      6.595136     21.696875     21.696875     43.393750
      6.623748     21.591114     21.591114     43.182228
      6.652361     21.355352     21.355352     42.710704
      6.680973     21.437433     21.437433     42.874866
      6.709585     22.142096     22.142096     44.284191
      6.738197     23.299466     23.299466     46.598931
      6.766810     24.399860     24.399860     48.799721
      6.795422     25.042417     25.042417     50.084833
      6.824034     25.214764     25.214764     50.429529
      6.852647     25.180772     25.180772     50.361544
      6.881259     25.210704     25.210704     50.421408
      6.909871     25.456034     25.456034     50.912068
      6.938484     25.980125     25.980125     51.960249
      6.967096     26.779207     26.779207     53.558415
      6.995708     27.743612     27.743612     55.487224
      7.024320     28.669658     28.669658     57.339316
      7.052933     29.410757     29.410757     58.821515
      7.081545     30.087610     30.087610     60.175220
      7.110157     31.152448     31.152448     62.304896
      7.138770     33.175304     33.175304     66.350609
      7.167382     36.449817     36.449817     72.899635
      7.195994     40.683421     40.683421     81.366842
      7.224607     44.992403     44.992403     89.984806
      7.253219     48.237050     48.237050     96.474100
      7.281831     49.549641     49.549641     99.099282
      7.310443     48.787144     48.787144     97.574287
      7.339056     46.626037     46.626037     93.252073
      7.367668     44.197006     44.197006     88.394012
      7.396280     42.482440     42.482440     84.964880
      7.424893     41.883719     41.883719     83.767439
      7.453505     42.192628     42.192628     84.385256
      7.482117     42.855929     42.855929     85.711859
      7.510730     43.287542     43.287542     86.575084
      7.539342     43.126630     43.126630     86.253259
      7.567954     42.434512     42.434512     84.869025
      7.596567     41.693174     41.693174     83.386348
      7.625179     41.444770     41.444770     82.889540
      7.653791     41.778207     41.778207     83.556414
      7.682403     42.203484     42.203484     84.406968
      7.711016     42.148422     42.148422     84.296843
      7.739628     41.609841     41.609841     83.219682
      7.768240     41.277183     41.277183     82.554366
      7.796853     42.003678     42.003678     84.007356
      7.825465     44.146786     44.146786     88.293572
      7.854077     47.342288     47.342288     94.684575
      7.882690     50.797992     50.797992    101.595985
      7.911302     53.766487     53.766487    107.532974
      7.939914     55.833047     55.833047    111.666095
      7.968526     56.914395     56.914395    113.828791
      7.997139     57.095947     57.095947    114.191895
      8.025751     56.483462     56.483462    112.966924
      8.054363     55.168934     55.168934    110.337867
      8.082976     53.315823     53.315823    106.631646
      8.111588     51.279574     51.279574    102.559148
      8.140200     49.604342     49.604342     99.208684
      8.168813     48.776148     48.776148     97.552296
      8.197425     48.847027     48.847027     97.694054
      8.226037     49.286950     49.286950     98.573901
      8.254649     49.310240     49.310240     98.620481
      8.283262     48.451810     48.451810     96.903621
      8.311874     46.860895     46.860895     93.721790
      8.340486     45.048556     45.048556     90.097111
      8.369099     43.367291     43.367291     86.734583
      8.397711     41.706920     41.706920     83.413840
      8.426323     39.631492     39.631492     79.262984
      8.454936     36.811304     36.811304     73.622609
      8.483548     33.415382     33.415382     66.830765
      8.512160     30.174285     30.174285     60.348571
      8.540773     28.046552     28.046552     56.093105
      8.569385     27.688191     27.688191     55.376383
      8.597997     29.054595     29.054595     58.109191
      8.626609     31.389126     31.389126     62.778253
      8.655222     33.626188     33.626188     67.252377
      8.683834     34.963135     34.963135     69.926269
      8.712446     35.221563     35.221563     70.443125
      8.741059     34.796999     34.796999     69.593998
      8.769671     34.351963     34.351963     68.703925
      8.798283     34.550647     34.550647     69.101294
      8.826896     35.935432     35.935432     71.870864
      8.855508     38.827706     38.827706     77.655412
      8.884120     43.180079     43.180079     86.360158
      8.912732     48.481196     48.481196     96.962393
      8.941345     53.850162     53.850162    107.700325
      8.969957     58.327073     58.327073    116.654146
      8.998569     61.222614     61.222614    122.445229
      9.027182     62.343203     62.343203    124.686405
      9.055794     61.977841     61.977841    123.955683
      9.084406     60.685970     60.685970    121.371940
      9.113019     59.060257     59.060257    118.120514
      9.141631     57.616776     57.616776    115.233552
      9.170243     56.785020     56.785020    113.570040
      9.198856     56.846831     56.846831    113.693662
      9.227468     57.788582     57.788582    115.577164
      9.256080     59.238593     59.238593    118.477186
      9.284692     60.646753     60.646753    121.293506
      9.313305     61.601457     61.601457    123.202913
      9.341917     62.011273     62.011273    124.022547
      9.370529     62.036292     62.036292    124.072585
      9.399142     61.911974     61.911974    123.823947
      9.427754     61.824518     61.824518    123.649037
      9.456366     61.834080     61.834080    123.668160
      9.484979     61.808698     61.808698    123.617396
      9.513591     61.431354     61.431354    122.862709
      9.542203     60.332867     60.332867    120.665734
      9.570815     58.285256     58.285256    116.570512
      9.599428     55.355176     55.355176    110.710352
      9.628040     51.952212     51.952212    103.904424
      9.656652     48.705712     48.705712     97.411425
      9.685265     46.164172     46.164172     92.328345
      9.713877     44.502428     44.502428     89.004856
      9.742489     43.501972     43.501972     87.003943
      9.771102     42.834071     42.834071     85.668142
      9.799714     42.361571     42.361571     84.723143
      9.828326     42.168119     42.168119     84.336238
      9.856938     42.333680     42.333680     84.667360
      9.885551     42.753654     42.753654     85.507309
      9.914163     43.238926     43.238926     86.477851
      9.942775     43.779665     43.779665     87.559330
      9.971388     44.610949     44.610949     89.221898
     10.000000     45.930517     45.930517     91.861035
