# EIG2DOS: Utility for SIESTA to obtain the electronic density of states
#  E. Artacho, Apr 1999, A. Garcia, Apr 2012
# ------------------------------------------
# Eigenvalues read from mos2-3graphene.EIG
# Using smearing parameter:   0.100
# Using    700 points in energy range
# Selected bands: 1 to: 2606
# Emin, emax in file for selected band(s):    -23.0915900    159.7775800
# Nbands, Nspin, Nk   =   2606     1    13
# E_F                 =    -4.8414 eV --> (shifted to ZERO)
# Broadening          =     0.1000 eV
#
#        E            N(up)  (=)   N(down)         Ntot
    -10.000000     10.695254     10.695254     21.390508
     -9.971388     10.182984     10.182984     20.365968
     -9.942775      9.771130      9.771130     19.542259
     -9.914163      9.487441      9.487441     18.974882
     -9.885551      9.366371      9.366371     18.732741
     -9.856938      9.460729      9.460729     18.921459
     -9.828326      9.804454      9.804454     19.608909
     -9.799714     10.356090     10.356090     20.712180
     -9.771102     10.965591     10.965591     21.931182
     -9.742489     11.411289     11.411289     22.822577
     -9.713877     11.513813     11.513813     23.027625
     -9.685265     11.239924     11.239924     22.479848
     -9.656652     10.687974     10.687974     21.375948
     -9.628040      9.974386      9.974386     19.948772
     -9.599428      9.157877      9.157877     18.315755
     -9.570815      8.278048      8.278048     16.556097
     -9.542203      7.444014      7.444014     14.888027
     -9.513591      6.871284      6.871284     13.742569
     -9.484979      6.826333      6.826333     13.652667
     -9.456366      7.497768      7.497768     14.995535
     -9.427754      8.860419      8.860419     17.720838
     -9.399142     10.634345     10.634345     21.268690
     -9.370529     12.396106     12.396106     24.792211
     -9.341917     13.778454     13.778454     27.556908
     -9.313305     14.625307     14.625307     29.250613
     -9.284692     15.017656     15.017656     30.035312
     -9.256080     15.174731     15.174731     30.349462
     -9.227468     15.291304     15.291304     30.582608
     -9.198856     15.401413     15.401413     30.802826
     -9.170243     15.353542     15.353542     30.707083
     -9.141631     14.919569     14.919569     29.839139
     -9.113019     13.976146     13.976146     27.952291
     -9.084406     12.650345     12.650345     25.300690
     -9.055794     11.327450     11.327450     22.654901
     -9.027182     10.486745     10.486745     20.973489
     -8.998569     10.452114     10.452114     20.904227
     -8.969957     11.222850     11.222850     22.445701
     -8.941345     12.495375     12.495375     24.990750
     -8.912732     13.850006     13.850006     27.700013
     -8.884120     14.977094     14.977094     29.954189
     -8.855508     15.806633     15.806633     31.613266
     -8.826896     16.479192     16.479192     32.958384
     -8.798283     17.201741     17.201741     34.403482
     -8.769671     18.083400     18.083400     36.166800
     -8.741059     19.030648     19.030648     38.061296
     -8.712446     19.759417     19.759417     39.518833
     -8.683834     19.943063     19.943063     39.886127
     -8.655222     19.422652     19.422652     38.845303
     -8.626609     18.336367     18.336367     36.672734
     -8.597997     17.069115     17.069115     34.138230
     -8.569385     16.042620     16.042620     32.085241
     -8.540773     15.477945     15.477945     30.955890
     -8.512160     15.304955     15.304955     30.609909
     -8.483548     15.293954     15.293954     30.587908
     -8.454936     15.277229     15.277229     30.554459
     -8.426323     15.234665     15.234665     30.469329
     -8.397711     15.183873     15.183873     30.367747
     -8.369099     15.057885     15.057885     30.115770
     -8.340486     14.762411     14.762411     29.524822
     -8.311874     14.352477     14.352477     28.704953
     -8.283262     14.080242     14.080242     28.160483
     -8.254649     14.212269     14.212269     28.424538
     -8.226037     14.807731     14.807731     29.615462
     -8.197425     15.684276     15.684276     31.368552
     -8.168813     16.561566     16.561566     33.123132
     -8.140200     17.226268     17.226268     34.452537
     -8.111588     17.635456     17.635456     35.270912
     -8.082976     17.945726     17.945726     35.891451
     -8.054363     18.433409     18.433409     36.866818
     -8.025751     19.306031     19.306031     38.612063
     -7.997139     20.515664     20.515664     41.031327
     -7.968526     21.712288     21.712288     43.424576
     -7.939914     22.379986     22.379986     44.759972
     -7.911302     22.094473     22.094473     44.188946
     -7.882690     20.782754     20.782754     41.565508
     -7.854077     18.826776     18.826776     37.653553
     -7.825465     16.877778     16.877778     33.755556
     -7.796853     15.436544     15.436544     30.873089
     -7.768240     14.516924     14.516924     29.033849
     -7.739628     13.721934     13.721934     27.443869
     -7.711016     12.687951     12.687951     25.375902
     -7.682403     11.470696     11.470696     22.941392
     -7.653791     10.524078     10.524078     21.048157
     -7.625179     10.356000     10.356000     20.711999
     -7.596567     11.203772     11.203772     22.407544
     -7.567954     12.938311     12.938311     25.876622
     -7.539342     15.165888     15.165888     30.331776
     -7.510730     17.419142     17.419142     34.838283
     -7.482117     19.355854     19.355854     38.711707
     -7.453505     20.875958     20.875958     41.751917
     -7.424893     22.069610     22.069610     44.139220
     -7.396280     23.025155     23.025155     46.050310
     -7.367668     23.669746     23.669746     47.339492
     -7.339056     23.789959     23.789959     47.579917
     -7.310443     23.191973     23.191973     46.383946
     -7.281831     21.842269     21.842269     43.684539
     -7.253219     19.898522     19.898522     39.797044
     -7.224607     17.663615     17.663615     35.327230
     -7.195994     15.524992     15.524992     31.049985
     -7.167382     13.887211     13.887211     27.774421
     -7.138770     13.068355     13.068355     26.136710
     -7.110157     13.179557     13.179557     26.359114
     -7.081545     14.087502     14.087502     28.175004
     -7.052933     15.526611     15.526611     31.053222
     -7.024320     17.267562     17.267562     34.535123
     -6.995708     19.178878     19.178878     38.357756
     -6.967096     21.168062     21.168062     42.336124
     -6.938484     23.145120     23.145120     46.290240
     -6.909871     25.076821     25.076821     50.153642
     -6.881259     27.028040     27.028040     54.056081
     -6.852647     29.094329     29.094329     58.188659
     -6.824034     31.282969     31.282969     62.565938
     -6.795422     33.454908     33.454908     66.909816
     -6.766810     35.361741     35.361741     70.723482
     -6.738197     36.751396     36.751396     73.502792
     -6.709585     37.499668     37.499668     74.999335
     -6.680973     37.689212     37.689212     75.378424
     -6.652361     37.561096     37.561096     75.122193
     -6.623748     37.370819     37.370819     74.741639
     -6.595136     37.283875     37.283875     74.567750
     -6.566524     37.406520     37.406520     74.813040
     -6.537911     37.887082     37.887082     75.774164
     -6.509299     38.915877     38.915877     77.831755
     -6.480687     40.569865     40.569865     81.139731
     -6.452074     42.701967     42.701967     85.403933
     -6.423462     45.089289     45.089289     90.178577
     -6.394850     47.706746     47.706746     95.413493
     -6.366237     50.756831     50.756831    101.513663
     -6.337625     54.373030     54.373030    108.746060
     -6.309013     58.355484     58.355484    116.710968
     -6.280401     62.260320     62.260320    124.520640
     -6.251788     65.714229     65.714229    131.428458
     -6.223176     68.588533     68.588533    137.177066
     -6.194564     70.896610     70.896610    141.793221
     -6.165951     72.596674     72.596674    145.193348
     -6.137339     73.512823     73.512823    147.025645
     -6.108727     73.420571     73.420571    146.841143
     -6.080114     72.232989     72.232989    144.465979
     -6.051502     70.177364     70.177364    140.354728
     -6.022890     67.802624     67.802624    135.605249
     -5.994278     65.732715     65.732715    131.465431
     -5.965665     64.320227     64.320227    128.640454
     -5.937053     63.474323     63.474323    126.948646
     -5.908441     62.765561     62.765561    125.531121
     -5.879828     61.694911     61.694911    123.389822
     -5.851216     59.980237     59.980237    119.960475
     -5.822604     57.739416     57.739416    115.478831
     -5.793991     55.439985     55.439985    110.879970
     -5.765379     53.595381     53.595381    107.190762
     -5.736767     52.422254     52.422254    104.844508
     -5.708155     51.726194     51.726194    103.452389
     -5.679542     51.049417     51.049417    102.098834
     -5.650930     49.917144     49.917144     99.834287
     -5.622318     48.061330     48.061330     96.122661
     -5.593705     45.570085     45.570085     91.140169
     -5.565093     42.885668     42.885668     85.771336
     -5.536481     40.627714     40.627714     81.255429
     -5.507868     39.343875     39.343875     78.687750
     -5.479256     39.274152     39.274152     78.548303
     -5.450644     40.154655     40.154655     80.309310
     -5.422031     41.204599     41.204599     82.409199
     -5.393419     41.495530     41.495530     82.991061
     -5.364807     40.576091     40.576091     81.152183
     -5.336195     38.873681     38.873681     77.747362
     -5.307582     37.563251     37.563251     75.126501
     -5.278970     38.060566     38.060566     76.121133
     -5.250358     41.440460     41.440460     82.880920
     -5.221745     47.926882     47.926882     95.853765
     -5.193133     56.611531     56.611531    113.223062
     -5.164521     65.649681     65.649681    131.299362
     -5.135908     72.943951     72.943951    145.887902
     -5.107296     76.945429     76.945429    153.890857
     -5.078684     77.184036     77.184036    154.368072
     -5.050072     74.380920     74.380920    148.761840
     -5.021459     70.080450     70.080450    140.160899
     -4.992847     65.827323     65.827323    131.654646
     -4.964235     62.315670     62.315670    124.631339
     -4.935622     59.193251     59.193251    118.386503
     -4.907010     55.696444     55.696444    111.392889
     -4.878398     51.480096     51.480096    102.960192
     -4.849785     46.919551     46.919551     93.839103
     -4.821173     42.829430     42.829430     85.658860
     -4.792561     40.018826     40.018826     80.037651
     -4.763948     38.952778     38.952778     77.905556
     -4.735336     39.535285     39.535285     79.070569
     -4.706724     41.076904     41.076904     82.153809
     -4.678112     42.574075     42.574075     85.148149
     -4.649499     43.215162     43.215162     86.430324
     -4.620887     42.795532     42.795532     85.591064
     -4.592275     41.808056     41.808056     83.616112
     -4.563662     41.240741     41.240741     82.481482
     -4.535050     42.217488     42.217488     84.434976
     -4.506438     45.548880     45.548880     91.097761
     -4.477825     51.271459     51.271459    102.542918
     -4.449213     58.408376     58.408376    116.816751
     -4.420601     65.221915     65.221915    130.443831
     -4.391989     69.932665     69.932665    139.865329
     -4.363376     71.470429     71.470429    142.940858
     -4.334764     69.781627     69.781627    139.563254
     -4.306152     65.637643     65.637643    131.275286
     -4.277539     60.269374     60.269374    120.538748
     -4.248927     55.073559     55.073559    110.147117
     -4.220315     51.313470     51.313470    102.626941
     -4.191702     49.681741     49.681741     99.363483
     -4.163090     49.912855     49.912855     99.825709
     -4.134478     50.869217     50.869217    101.738434
     -4.105866     51.228832     51.228832    102.457664
     -4.077253     50.300450     50.300450    100.600900
     -4.048641     48.305331     48.305331     96.610661
     -4.020029     45.967477     45.967477     91.934953
     -3.991416     43.878248     43.878248     87.756496
     -3.962804     42.182201     42.182201     84.364403
     -3.934192     40.704863     40.704863     81.409726
     -3.905579     39.256769     39.256769     78.513539
     -3.876967     37.823789     37.823789     75.647577
     -3.848355     36.544134     36.544134     73.088269
     -3.819742     35.548041     35.548041     71.096082
     -3.791130     34.840963     34.840963     69.681927
     -3.762518     34.383994     34.383994     68.767988
     -3.733906     34.293852     34.293852     68.587704
     -3.705293     34.873768     34.873768     69.747535
     -3.676681     36.345146     36.345146     72.690291
     -3.648069     38.534490     38.534490     77.068980
     -3.619456     40.850233     40.850233     81.700467
     -3.590844     42.573481     42.573481     85.146962
     -3.562232     43.240463     43.240463     86.480926
     -3.533619     42.912835     42.912835     85.825669
     -3.505007     42.179590     42.179590     84.359180
     -3.476395     41.791367     41.791367     83.582734
     -3.447783     42.115703     42.115703     84.231407
     -3.419170     42.898346     42.898346     85.796692
     -3.390558     43.593264     43.593264     87.186528
     -3.361946     43.906256     43.906256     87.812512
     -3.333333     43.975014     43.975014     87.950027
     -3.304721     44.084604     44.084604     88.169207
     -3.276109     44.338248     44.338248     88.676495
     -3.247496     44.632526     44.632526     89.265052
     -3.218884     44.848303     44.848303     89.696606
     -3.190272     44.970796     44.970796     89.941592
     -3.161660     45.032647     45.032647     90.065295
     -3.133047     45.011529     45.011529     90.023057
     -3.104435     44.854710     44.854710     89.709420
     -3.075823     44.645448     44.645448     89.290896
     -3.047210     44.716348     44.716348     89.432695
     -3.018598     45.478128     45.478128     90.956255
     -2.989986     46.989822     46.989822     93.979643
     -2.961373     48.630100     48.630100     97.260200
     -2.932761     49.254582     49.254582     98.509163
     -2.904149     47.855593     47.855593     95.711186
     -2.875536     44.295154     44.295154     88.590308
     -2.846924     39.540144     39.540144     79.080287
     -2.818312     35.140688     35.140688     70.281376
     -2.789700     32.280351     32.280351     64.560703
     -2.761087     31.121172     31.121172     62.242344
     -2.732475     30.949492     30.949492     61.898984
     -2.703863     30.936955     30.936955     61.873910
     -2.675250     30.828785     30.828785     61.657570
     -2.646638     31.021807     31.021807     62.043614
     -2.618026     32.058335     32.058335     64.116670
     -2.589413     33.989900     33.989900     67.979800
     -2.560801     36.120851     36.120851     72.241703
     -2.532189     37.393201     37.393201     74.786403
     -2.503577     37.200986     37.200986     74.401972
     -2.474964     35.961802     35.961802     71.923604
     -2.446352     34.840488     34.840488     69.680975
     -2.417740     34.790180     34.790180     69.580361
     -2.389127     35.818406     35.818406     71.636813
     -2.360515     37.178526     37.178526     74.357052
     -2.331903     38.191303     38.191303     76.382606
     -2.303290     38.794079     38.794079     77.588157
     -2.274678     39.374821     39.374821     78.749641
     -2.246066     40.281160     40.281160     80.562319
     -2.217454     41.556936     41.556936     83.113872
     -2.188841     42.976894     42.976894     85.953787
     -2.160229     44.162366     44.162366     88.324732
     -2.131617     44.740762     44.740762     89.481523
     -2.103004     44.612132     44.612132     89.224264
     -2.074392     44.139612     44.139612     88.279224
     -2.045780     43.963000     43.963000     87.925999
     -2.017167     44.487816     44.487816     88.975632
     -1.988555     45.512966     45.512966     91.025933
     -1.959943     46.373194     46.373194     92.746389
     -1.931330     46.463764     46.463764     92.927529
     -1.902718     45.650695     45.650695     91.301391
     -1.874106     44.223366     44.223366     88.446732
     -1.845494     42.521951     42.521951     85.043903
     -1.816881     40.651054     40.651054     81.302107
     -1.788269     38.515955     38.515955     77.031910
     -1.759657     36.063982     36.063982     72.127964
     -1.731044     33.476359     33.476359     66.952718
     -1.702432     31.155436     31.155436     62.310872
     -1.673820     29.489279     29.489279     58.978558
     -1.645207     28.523160     28.523160     57.046321
     -1.616595     27.820435     27.820435     55.640869
     -1.587983     26.724499     26.724499     53.448999
     -1.559371     24.856448     24.856448     49.712895
     -1.530758     22.399948     22.399948     44.799897
     -1.502146     19.920888     19.920888     39.841777
     -1.473534     17.925443     17.925443     35.850886
     -1.444921     16.557880     16.557880     33.115761
     -1.416309     15.638851     15.638851     31.277701
     -1.387697     14.931317     14.931317     29.862635
     -1.359084     14.367904     14.367904     28.735808
     -1.330472     14.046865     14.046865     28.093731
     -1.301860     14.032112     14.032112     28.064225
     -1.273247     14.184551     14.184551     28.369101
     -1.244635     14.208604     14.208604     28.417209
     -1.216023     13.865379     13.865379     27.730758
     -1.187411     13.144578     13.144578     26.289155
     -1.158798     12.243564     12.243564     24.487128
     -1.130186     11.379153     11.379153     22.758306
     -1.101574     10.599345     10.599345     21.198690
     -1.072961      9.761635      9.761635     19.523271
     -1.044349      8.690784      8.690784     17.381567
     -1.015737      7.367075      7.367075     14.734151
     -0.987124      5.993605      5.993605     11.987211
     -0.958512      4.913148      4.913148      9.826297
     -0.929900      4.434223      4.434223      8.868446
     -0.901288      4.646828      4.646828      9.293656
     -0.872675      5.323796      5.323796     10.647592
     -0.844063      5.995671      5.995671     11.991343
     -0.815451      6.192162      6.192162     12.384323
     -0.786838      5.709753      5.709753     11.419507
     -0.758226      4.727722      4.727722      9.455445
     -0.729614      3.701435      3.701435      7.402870
     -0.701001      3.110823      3.110823      6.221647
     -0.672389      3.208469      3.208469      6.416939
     -0.643777      3.884627      3.884627      7.769255
     -0.615165      4.713295      4.713295      9.426589
     -0.586552      5.178658      5.178658     10.357317
     -0.557940      4.973468      4.973468      9.946935
     -0.529328      4.172876      4.172876      8.345753
     -0.500715      3.152972      3.152972      6.305945
     -0.472103      2.327287      2.327287      4.654574
     -0.443491      1.912778      1.912778      3.825557
     -0.414878      1.873659      1.873659      3.747319
     -0.386266      2.022655      2.022655      4.045311
     -0.357654      2.159844      2.159844      4.319688
     -0.329041      2.156388      2.156388      4.312775
     -0.300429      1.973781      1.973781      3.947562
     -0.271817      1.654894      1.654894      3.309788
     -0.243205      1.305002      1.305002      2.610005
     -0.214592      1.051350      1.051350      2.102700
     -0.185980      0.979804      0.979804      1.959609
     -0.157368      1.081284      1.081284      2.162568
     -0.128755      1.251277      1.251277      2.502554
     -0.100143      1.355416      1.355416      2.710832
     -0.071531      1.323213      1.323213      2.646426
     -0.042918      1.202194      1.202194      2.404387
     -0.014306      1.130350      1.130350      2.260700
      0.014306      1.250622      1.250622      2.501245
      0.042918      1.634409      1.634409      3.268818
      0.071531      2.261663      2.261663      4.523326
      0.100143      3.048502      3.048502      6.097004
      0.128755      3.878358      3.878358      7.756715
      0.157368      4.612851      4.612851      9.225702
      0.185980      5.108331      5.108331     10.216663
      0.214592      5.278384      5.278384     10.556768
      0.243205      5.188137      5.188137     10.376273
      0.271817      5.093753      5.093753     10.187506
      0.300429      5.346219      5.346219     10.692438
      0.329041      6.197627      6.197627     12.395253
      0.357654      7.680504      7.680504     15.361007
      0.386266      9.710133      9.710133     19.420265
      0.414878     12.351688     12.351688     24.703376
      0.443491     15.989204     15.989204     31.978408
      0.472103     21.158258     21.158258     42.316516
      0.500715     28.061004     28.061004     56.122009
      0.529328     36.064129     36.064129     72.128257
      0.557940     43.590577     43.590577     87.181155
      0.586552     48.656221     48.656221     97.312442
      0.615165     49.868813     49.868813     99.737626
      0.643777     47.245539     47.245539     94.491078
      0.672389     42.220905     42.220905     84.441810
      0.701001     36.875992     36.875992     73.751985
      0.729614     33.070071     33.070071     66.140142
      0.758226     32.026238     32.026238     64.052476
      0.786838     34.241219     34.241219     68.482439
      0.815451     39.318172     39.318172     78.636344
      0.844063     45.790450     45.790450     91.580900
      0.872675     51.459159     51.459159    102.918319
      0.901288     54.435353     54.435353    108.870706
      0.929900     54.245034     54.245034    108.490069
      0.958512     52.049507     52.049507    104.099014
      0.987124     49.726652     49.726652     99.453304
      1.015737     48.553919     48.553919     97.107837
      1.044349     48.519033     48.519033     97.038066
      1.072961     48.669480     48.669480     97.338961
      1.101574     48.061237     48.061237     96.122474
      1.130186     46.492908     46.492908     92.985817
      1.158798     44.505717     44.505717     89.011434
      1.187411     42.774901     42.774901     85.549802
      1.216023     41.490719     41.490719     82.981438
      1.244635     40.270801     40.270801     80.541601
      1.273247     38.636514     38.636514     77.273028
      1.301860     36.588446     36.588446     73.176891
      1.330472     34.768961     34.768961     69.537922
      1.359084     34.079155     34.079155     68.158310
      1.387697     35.022038     35.022038     70.044076
      1.416309     37.207628     37.207628     74.415257
      1.444921     39.400937     39.400937     78.801874
      1.473534     40.223116     40.223116     80.446232
      1.502146     39.127347     39.127347     78.254695
      1.530758     36.906116     36.906116     73.812231
      1.559371     35.229139     35.229139     70.458277
      1.587983     35.494891     35.494891     70.989781
      1.616595     37.885065     37.885065     75.770130
      1.645207     41.328434     41.328434     82.656869
      1.673820     44.287484     44.287484     88.574967
      1.702432     45.662567     45.662567     91.325134
      1.731044     45.205122     45.205122     90.410245
      1.759657     43.379775     43.379775     86.759551
      1.788269     40.963405     40.963405     81.926810
      1.816881     38.623079     38.623079     77.246158
      1.845494     36.614193     36.614193     73.228386
      1.874106     34.757088     34.757088     69.514177
      1.902718     32.748949     32.748949     65.497897
      1.931330     30.577608     30.577608     61.155217
      1.959943     28.668735     28.668735     57.337469
      1.988555     27.628908     27.628908     55.257816
      2.017167     27.792381     27.792381     55.584762
      2.045780     28.917089     28.917089     57.834178
      2.074392     30.257658     30.257658     60.515317
      2.103004     30.978923     30.978923     61.957845
      2.131617     30.621476     30.621476     61.242951
      2.160229     29.300472     29.300472     58.600943
      2.188841     27.560879     27.560879     55.121759
      2.217454     26.064273     26.064273     52.128546
      2.246066     25.296117     25.296117     50.592233
      2.274678     25.371678     25.371678     50.743355
      2.303290     26.000642     26.000642     52.001284
      2.331903     26.673224     26.673224     53.346448
      2.360515     26.987923     26.987923     53.975846
      2.389127     26.882228     26.882228     53.764455
      2.417740     26.604234     26.604234     53.208467
      2.446352     26.510899     26.510899     53.021798
      2.474964     26.889682     26.889682     53.779365
      2.503577     27.880588     27.880588     55.761176
      2.532189     29.440578     29.440578     58.881157
      2.560801     31.315734     31.315734     62.631468
      2.589413     33.083746     33.083746     66.167492
      2.618026     34.325067     34.325067     68.650135
      2.646638     34.851258     34.851258     69.702516
      2.675250     34.809816     34.809816     69.619631
      2.703863     34.541138     34.541138     69.082276
      2.732475     34.272573     34.272573     68.545146
      2.761087     33.914571     33.914571     67.829143
      2.789700     33.167822     33.167822     66.335644
      2.818312     31.853833     31.853833     63.707666
      2.846924     30.130832     30.130832     60.261665
      2.875536     28.360407     28.360407     56.720814
      2.904149     26.775824     26.775824     53.551648
      2.932761     25.330022     25.330022     50.660045
      2.961373     23.880066     23.880066     47.760131
      2.989986     22.450515     22.450515     44.901031
      3.018598     21.224159     21.224159     42.448318
      3.047210     20.257759     20.257759     40.515517
      3.075823     19.279614     19.279614     38.559228
      3.104435     17.857227     17.857227     35.714453
      3.133047     15.813595     15.813595     31.627190
      3.161660     13.483172     13.483172     26.966344
      3.190272     11.537421     11.537421     23.074842
      3.218884     10.523085     10.523085     21.046171
      3.247496     10.510406     10.510406     21.020811
      3.276109     11.098784     11.098784     22.197569
      3.304721     11.693761     11.693761     23.387522
      3.333333     11.824884     11.824884     23.649769
      3.361946     11.354896     11.354896     22.709791
      3.390558     10.512529     10.512529     21.025057
      3.419170      9.719031      9.719031     19.438061
      3.447783      9.294632      9.294632     18.589263
      3.476395      9.262397      9.262397     18.524793
      3.505007      9.409184      9.409184     18.818368
      3.533619      9.526077      9.526077     19.052153
      3.562232      9.581517      9.581517     19.163033
      3.590844      9.661031      9.661031     19.322062
      3.619456      9.758501      9.758501     19.517001
      3.648069      9.667450      9.667450     19.334901
      3.676681      9.120372      9.120372     18.240744
      3.705293      8.064218      8.064218     16.128436
      3.733906      6.814335      6.814335     13.628671
      3.762518      5.931225      5.931225     11.862450
      3.791130      5.895741      5.895741     11.791482
      3.819742      6.812708      6.812708     13.625416
      3.848355      8.342555      8.342555     16.685110
      3.876967      9.887344      9.887344     19.774689
      3.905579     10.887301     10.887301     21.774603
      3.934192     11.049698     11.049698     22.099395
      3.962804     10.428683     10.428683     20.857366
      3.991416      9.377148      9.377148     18.754295
      4.020029      8.412643      8.412643     16.825286
      4.048641      8.015418      8.015418     16.030837
      4.077253      8.396735      8.396735     16.793470
      4.105866      9.357670      9.357670     18.715340
      4.134478     10.385362     10.385362     20.770724
      4.163090     10.977911     10.977911     21.955822
      4.191702     10.961108     10.961108     21.922215
      4.220315     10.546459     10.546459     21.092919
      4.248927     10.123618     10.123618     20.247236
      4.277539      9.983921      9.983921     19.967842
      4.306152     10.146527     10.146527     20.293053
      4.334764     10.349680     10.349680     20.699360
      4.363376     10.215984     10.215984     20.431968
      4.391989      9.525060      9.525060     19.050120
      4.420601      8.404455      8.404455     16.808910
      4.449213      7.257552      7.257552     14.515103
      4.477825      6.469221      6.469221     12.938443
      4.506438      6.144394      6.144394     12.288788
      4.535050      6.092177      6.092177     12.184354
      4.563662      6.033631      6.033631     12.067262
      4.592275      5.846462      5.846462     11.692924
      4.620887      5.675081      5.675081     11.350163
      4.649499      5.840608      5.840608     11.681216
      4.678112      6.599833      6.599833     13.199665
      4.706724      7.904158      7.904158     15.808317
      4.735336      9.340637      9.340637     18.681275
      4.763948     10.330350     10.330350     20.660700
      4.792561     10.469789     10.469789     20.939577
      4.821173      9.785834      9.785834     19.571668
      4.849785      8.728851      8.728851     17.457702
      4.878398      7.905131      7.905131     15.810262
      4.907010      7.726821      7.726821     15.453641
      4.935622      8.216209      8.216209     16.432417
      4.964235      9.085439      9.085439     18.170877
      4.992847      9.993649      9.993649     19.987297
      5.021459     10.750815     10.750815     21.501629
      5.050072     11.324709     11.324709     22.649419
      5.078684     11.715780     11.715780     23.431560
      5.107296     11.866651     11.866651     23.733303
      5.135908     11.694400     11.694400     23.388799
      5.164521     11.203946     11.203946     22.407893
      5.193133     10.575917     10.575917     21.151835
      5.221745     10.132606     10.132606     20.265211
      5.250358     10.168748     10.168748     20.337496
      5.278970     10.760176     10.760176     21.520352
      5.307582     11.708593     11.708593     23.417186
      5.336195     12.663792     12.663792     25.327583
      5.364807     13.307096     13.307096     26.614191
      5.393419     13.463445     13.463445     26.926890
      5.422031     13.124727     13.124727     26.249455
      5.450644     12.441002     12.441002     24.882004
      5.479256     11.690460     11.690460     23.380921
      5.507868     11.190577     11.190577     22.381154
      5.536481     11.172174     11.172174     22.344348
      5.565093     11.715915     11.715915     23.431830
      5.593705     12.798347     12.798347     25.596693
      5.622318     14.359311     14.359311     28.718622
      5.650930     16.277504     16.277504     32.555009
      5.679542     18.282488     18.282488     36.564976
      5.708155     19.961640     19.961640     39.923281
      5.736767     20.949011     20.949011     41.898023
      5.765379     21.168647     21.168647     42.337295
      5.793991     20.907973     20.907973     41.815947
      5.822604     20.649379     20.649379     41.298759
      5.851216     20.818244     20.818244     41.636487
      5.879828     21.650930     21.650930     43.301861
      5.908441     23.210960     23.210960     46.421920
      5.937053     25.417916     25.417916     50.835832
      5.965665     28.013610     28.013610     56.027219
      5.994278     30.566086     30.566086     61.132171
      6.022890     32.614380     32.614380     65.228760
      6.051502     33.868512     33.868512     67.737024
      6.080114     34.297110     34.297110     68.594221
      6.108727     34.080525     34.080525     68.161049
      6.137339     33.538543     33.538543     67.077085
      6.165951     33.073437     33.073437     66.146873
      6.194564     33.054094     33.054094     66.108188
      6.223176     33.627195     33.627195     67.254391
      6.251788     34.612582     34.612582     69.225163
      6.280401     35.636068     35.636068     71.272135
      6.309013     36.395741     36.395741     72.791481
      6.337625     36.783639     36.783639     73.567279
      6.366237     36.783281     36.783281     73.566561
      6.394850     36.369563     36.369563     72.739127
      6.423462     35.596251     35.596251     71.192502
      6.452074     34.745126     34.745126     69.490251
      6.480687     34.300842     34.300842     68.601684
      6.509299     34.727014     34.727014     69.454028
      6.537911     36.216170     36.216170     72.432340
      6.566524     38.556037     38.556037     77.112074
      6.595136     41.150652     41.150652     82.301304
      6.623748     43.207966     43.207966     86.415932
      6.652361     44.062492     44.062492     88.124983
      6.680973     43.470115     43.470115     86.940231
      6.709585     41.664579     41.664579     83.329159
      6.738197     39.154531     39.154531     78.309061
      6.766810     36.486634     36.486634     72.973268
      6.795422     34.182693     34.182693     68.365386
      6.824034     32.776865     32.776865     65.553730
      6.852647     32.713847     32.713847     65.427694
      6.881259     34.080931     34.080931     68.161863
      6.909871     36.468378     36.468378     72.936756
      6.938484     39.208000     39.208000     78.416001
      6.967096     41.819506     41.819506     83.639013
      6.995708     44.221796     44.221796     88.443591
      7.024320     46.515989     46.515989     93.031979
      7.052933     48.633325     48.633325     97.266651
      7.081545     50.284143     50.284143    100.568287
      7.110157     51.292804     51.292804    102.585608
      7.138770     51.964444     51.964444    103.928888
      7.167382     53.057704     53.057704    106.115407
      7.195994     55.297511     55.297511    110.595022
      7.224607     58.818696     58.818696    117.637392
      7.253219     63.038490     63.038490    126.076981
      7.281831     67.072150     67.072150    134.144300
      7.310443     70.296101     70.296101    140.592201
      7.339056     72.551934     72.551934    145.103868
      7.367668     73.885703     73.885703    147.771405
      7.396280     74.199709     74.199709    148.399417
      7.424893     73.231954     73.231954    146.463908
      7.453505     70.843641     70.843641    141.687282
      7.482117     67.231953     67.231953    134.463906
      7.510730     62.836548     62.836548    125.673096
      7.539342     58.126558     58.126558    116.253116
      7.567954     53.560450     53.560450    107.120900
      7.596567     49.683148     49.683148     99.366297
      7.625179     47.049433     47.049433     94.098865
      7.653791     45.876106     45.876106     91.752212
      7.682403     45.774458     45.774458     91.548915
      7.711016     45.936521     45.936521     91.873041
      7.739628     45.645108     45.645108     91.290217
      7.768240     44.634299     44.634299     89.268597
      7.796853     43.094342     43.094342     86.188683
      7.825465     41.526669     41.526669     83.053337
      7.854077     40.608050     40.608050     81.216100
      7.882690     40.939489     40.939489     81.878979
      7.911302     42.650290     42.650290     85.300579
      7.939914     45.208892     45.208892     90.417784
      7.968526     47.746629     47.746629     95.493259
      7.997139     49.620461     49.620461     99.240921
      8.025751     50.644725     50.644725    101.289450
      8.054363     50.879630     50.879630    101.759259
      8.082976     50.398008     50.398008    100.796016
      8.111588     49.320466     49.320466     98.640932
      8.140200     47.936875     47.936875     95.873751
      8.168813     46.642072     46.642072     93.284143
      8.197425     45.709450     45.709450     91.418900
      8.226037     45.120777     45.120777     90.241553
      8.254649     44.584232     44.584232     89.168464
      8.283262     43.699260     43.699260     87.398521
      8.311874     42.156712     42.156712     84.313424
      8.340486     39.901082     39.901082     79.802164
      8.369099     37.206405     37.206405     74.412810
      8.397711     34.591458     34.591458     69.182916
      8.426323     32.565942     32.565942     65.131883
      8.454936     31.392323     31.392323     62.784646
      8.483548     31.095962     31.095962     62.191924
      8.512160     31.685182     31.685182     63.370365
      8.540773     33.273152     33.273152     66.546305
      8.569385     35.922843     35.922843     71.845685
      8.597997     39.400052     39.400052     78.800104
      8.626609     43.116265     43.116265     86.232530
      8.655222     46.300389     46.300389     92.600779
      8.683834     48.255463     48.255463     96.510925
      8.712446     48.605606     48.605606     97.211211
      8.741059     47.473902     47.473902     94.947804
      8.769671     45.464820     45.464820     90.929641
      8.798283     43.404225     43.404225     86.808451
      8.826896     42.040903     42.040903     84.081805
      8.855508     41.955635     41.955635     83.911269
      8.884120     43.608116     43.608116     87.216232
      8.912732     47.214666     47.214666     94.429332
      8.941345     52.396836     52.396836    104.793671
      8.969957     57.984640     57.984640    115.969280
      8.998569     62.371081     62.371081    124.742163
      9.027182     64.316608     64.316608    128.633216
      9.055794     63.657320     63.657320    127.314640
      9.084406     61.420081     61.420081    122.840162
      9.113019     59.273199     59.273199    118.546398
      9.141631     58.670528     58.670528    117.341057
      9.170243     60.194996     60.194996    120.389992
      9.198856     63.405893     63.405893    126.811786
      9.227468     67.156470     67.156470    134.312939
      9.256080     70.150163     70.150163    140.300326
      9.284692     71.462694     71.462694    142.925388
      9.313305     70.788331     70.788331    141.576661
      9.341917     68.338693     68.338693    136.677385
      9.370529     64.596777     64.596777    129.193554
      9.399142     60.197044     60.197044    120.394088
      9.427754     55.932730     55.932730    111.865459
      9.456366     52.640628     52.640628    105.281255
      9.484979     50.851780     50.851780    101.703559
      9.513591     50.463047     50.463047    100.926095
      9.542203     50.796252     50.796252    101.592504
      9.570815     51.086221     51.086221    102.172443
      9.599428     51.004241     51.004241    102.008481
      9.628040     50.751895     50.751895    101.503791
      9.656652     50.677344     50.677344    101.354687
      9.685265     50.863822     50.863822    101.727643
      9.713877     51.145275     51.145275    102.290550
      9.742489     51.471341     51.471341    102.942682
      9.771102     52.117432     52.117432    104.234865
      9.799714     53.457451     53.457451    106.914902
      9.828326     55.575426     55.575426    111.150853
      9.856938     58.146036     58.146036    116.292072
      9.885551     60.624330     60.624330    121.248660
      9.914163     62.448210     62.448210    124.896419
      9.942775     63.093699     63.093699    126.187398
      9.971388     62.130470     62.130470    124.260939
     10.000000     59.421417     59.421417    118.842834
