# EIG2DOS: Utility for SIESTA to obtain the electronic density of states
#  E. Artacho, Apr 1999, A. Garcia, Apr 2012
# ------------------------------------------
# Eigenvalues read from 2mos2-2graphene.EIG
# Using smearing parameter:   0.100
# Using    700 points in energy range
# Selected bands: 1 to: 2612
# Emin, emax in file for selected band(s):    -23.0429700    153.4155700
# Nbands, Nspin, Nk   =   2612     1    13
# E_F                 =    -4.8262 eV --> (shifted to ZERO)
# Broadening          =     0.1000 eV
#
#        E            N(up)  (=)   N(down)         Ntot
    -10.000000      5.196474      5.196474     10.392947
     -9.971388      4.099938      4.099938      8.199875
     -9.942775      3.692995      3.692995      7.385990
     -9.914163      3.935631      3.935631      7.871263
     -9.885551      4.662335      4.662335      9.324670
     -9.856938      5.712156      5.712156     11.424313
     -9.828326      6.970300      6.970300     13.940600
     -9.799714      8.309467      8.309467     16.618933
     -9.771102      9.516175      9.516175     19.032350
     -9.742489     10.293979     10.293979     20.587958
     -9.713877     10.362586     10.362586     20.725173
     -9.685265      9.592912      9.592912     19.185824
     -9.656652      8.089746      8.089746     16.179491
     -9.628040      6.166637      6.166637     12.333274
     -9.599428      4.226637      4.226637      8.453274
     -9.570815      2.622209      2.622209      5.244417
     -9.542203      1.578483      1.578483      3.156967
     -9.513591      1.216846      1.216846      2.433693
     -9.484979      1.636895      1.636895      3.273790
     -9.456366      2.957550      2.957550      5.915100
     -9.427754      5.237209      5.237209     10.474417
     -9.399142      8.297678      8.297678     16.595355
     -9.370529     11.596995     11.596995     23.193990
     -9.341917     14.314496     14.314496     28.628991
     -9.313305     15.672436     15.672436     31.344872
     -9.284692     15.318118     15.318118     30.636236
     -9.256080     13.510810     13.510810     27.021621
     -9.227468     10.984389     10.984389     21.968778
     -9.198856      8.583560      8.583560     17.167121
     -9.170243      6.907152      6.907152     13.814303
     -9.141631      6.141895      6.141895     12.283790
     -9.113019      6.109125      6.109125     12.218250
     -9.084406      6.430123      6.430123     12.860245
     -9.055794      6.721355      6.721355     13.442711
     -9.027182      6.783552      6.783552     13.567104
     -8.998569      6.731922      6.731922     13.463843
     -8.969957      6.957326      6.957326     13.914652
     -8.941345      7.862575      7.862575     15.725149
     -8.912732      9.516244      9.516244     19.032488
     -8.884120     11.508419     11.508419     23.016839
     -8.855508     13.173984     13.173984     26.347969
     -8.826896     14.036860     14.036860     28.073720
     -8.798283     14.117552     14.117552     28.235104
     -8.769671     13.848418     13.848418     27.696835
     -8.741059     13.673588     13.673588     27.347176
     -8.712446     13.681333     13.681333     27.362665
     -8.683834     13.582112     13.582112     27.164225
     -8.655222     13.024984     13.024984     26.049968
     -8.626609     11.934131     11.934131     23.868262
     -8.597997     10.559850     10.559850     21.119701
     -8.569385      9.259765      9.259765     18.519531
     -8.540773      8.289960      8.289960     16.579921
     -8.512160      7.795572      7.795572     15.591144
     -8.483548      7.894837      7.894837     15.789675
     -8.454936      8.648024      8.648024     17.296048
     -8.426323      9.908422      9.908422     19.816844
     -8.397711     11.261258     11.261258     22.522515
     -8.369099     12.181202     12.181202     24.362403
     -8.340486     12.294593     12.294593     24.589185
     -8.311874     11.539783     11.539783     23.079566
     -8.283262     10.160581     10.160581     20.321161
     -8.254649      8.621007      8.621007     17.242015
     -8.226037      7.508702      7.508702     15.017403
     -8.197425      7.383871      7.383871     14.767742
     -8.168813      8.531477      8.531477     17.062955
     -8.140200     10.722298     10.722298     21.444595
     -8.111588     13.207579     13.207579     26.415158
     -8.082976     15.076049     15.076049     30.152097
     -8.054363     15.806463     15.806463     31.612926
     -8.025751     15.603539     15.603539     31.207079
     -7.997139     15.195953     15.195953     30.391906
     -7.968526     15.208231     15.208231     30.416463
     -7.939914     15.619138     15.619138     31.238275
     -7.911302     15.772297     15.772297     31.544594
     -7.882690     14.923472     14.923472     29.846944
     -7.854077     12.852697     12.852697     25.705394
     -7.825465     10.056055     10.056055     20.112111
     -7.796853      7.420059      7.420059     14.840118
     -7.768240      5.678131      5.678131     11.356262
     -7.739628      5.040881      5.040881     10.081763
     -7.711016      5.198797      5.198797     10.397594
     -7.682403      5.635191      5.635191     11.270382
     -7.653791      6.019840      6.019840     12.039681
     -7.625179      6.425453      6.425453     12.850905
     -7.596567      7.228276      7.228276     14.456553
     -7.567954      8.777060      8.777060     17.554120
     -7.539342     11.087728     11.087728     22.175456
     -7.510730     13.786928     13.786928     27.573855
     -7.482117     16.312423     16.312423     32.624845
     -7.453505     18.186836     18.186836     36.373672
     -7.424893     19.174414     19.174414     38.348828
     -7.396280     19.269474     19.269474     38.538949
     -7.367668     18.593452     18.593452     37.186903
     -7.339056     17.298971     17.298971     34.597941
     -7.310443     15.523868     15.523868     31.047736
     -7.281831     13.387616     13.387616     26.775231
     -7.253219     11.014944     11.014944     22.029888
     -7.224607      8.578840      8.578840     17.157680
     -7.195994      6.343212      6.343212     12.686424
     -7.167382      4.667086      4.667086      9.334172
     -7.138770      3.941134      3.941134      7.882267
     -7.110157      4.462216      4.462216      8.924432
     -7.081545      6.287778      6.287778     12.575557
     -7.052933      9.144067      9.144067     18.288133
     -7.024320     12.474563     12.474563     24.949126
     -6.995708     15.651225     15.651225     31.302450
     -6.967096     18.230778     18.230778     36.461556
     -6.938484     20.063218     20.063218     40.126436
     -6.909871     21.184228     21.184228     42.368456
     -6.881259     21.647258     21.647258     43.294515
     -6.852647     21.506080     21.506080     43.012161
     -6.824034     20.949470     20.949470     41.898940
     -6.795422     20.360275     20.360275     40.720551
     -6.766810     20.128784     20.128784     40.257569
     -6.738197     20.362535     20.362535     40.725070
     -6.709585     20.823459     20.823459     41.646918
     -6.680973     21.216394     21.216394     42.432789
     -6.652361     21.557973     21.557973     43.115946
     -6.623748     22.243030     22.243030     44.486059
     -6.595136     23.744481     23.744481     47.488962
     -6.566524     26.257209     26.257209     52.514419
     -6.537911     29.603547     29.603547     59.207094
     -6.509299     33.398485     33.398485     66.796969
     -6.480687     37.235976     37.235976     74.471953
     -6.452074     40.756970     40.756970     81.513941
     -6.423462     43.699400     43.699400     87.398800
     -6.394850     46.040020     46.040020     92.080039
     -6.366237     48.091151     48.091151     96.182303
     -6.337625     50.309171     50.309171    100.618342
     -6.309013     52.875321     52.875321    105.750642
     -6.280401     55.496442     55.496442    110.992884
     -6.251788     57.768387     57.768387    115.536774
     -6.223176     59.831909     59.831909    119.663819
     -6.194564     62.629739     62.629739    125.259478
     -6.165951     67.411444     67.411444    134.822887
     -6.137339     74.872969     74.872969    149.745938
     -6.108727     84.601359     84.601359    169.202718
     -6.080114     95.095335     95.095335    190.190670
     -6.051502    104.181354    104.181354    208.362708
     -6.022890    109.634764    109.634764    219.269529
     -5.994278    109.953102    109.953102    219.906204
     -5.965665    105.084088    105.084088    210.168175
     -5.937053     96.665560     96.665560    193.331120
     -5.908441     87.444769     87.444769    174.889537
     -5.879828     80.042213     80.042213    160.084426
     -5.851216     75.714392     75.714392    151.428785
     -5.822604     73.871688     73.871688    147.743375
     -5.793991     72.697524     72.697524    145.395048
     -5.765379     70.472481     70.472481    140.944962
     -5.736767     66.652957     66.652957    133.305914
     -5.708155     61.956948     61.956948    123.913895
     -5.679542     57.589192     57.589192    115.178383
     -5.650930     54.411094     54.411094    108.822188
     -5.622318     52.643443     52.643443    105.286886
     -5.593705     51.992024     51.992024    103.984047
     -5.565093     51.805327     51.805327    103.610655
     -5.536481     51.188418     51.188418    102.376836
     -5.507868     49.295749     49.295749     98.591497
     -5.479256     45.844411     45.844411     91.688821
     -5.450644     41.476202     41.476202     82.952404
     -5.422031     37.530729     37.530729     75.061458
     -5.393419     35.251420     35.251420     70.502840
     -5.364807     34.986627     34.986627     69.973253
     -5.336195     36.006151     36.006151     72.012303
     -5.307582     37.058755     37.058755     74.117510
     -5.278970     37.208317     37.208317     74.416635
     -5.250358     36.325134     36.325134     72.650268
     -5.221745     34.980996     34.980996     69.961992
     -5.193133     34.008439     34.008439     68.016877
     -5.164521     34.141667     34.141667     68.283334
     -5.135908     35.893887     35.893887     71.787773
     -5.107296     39.535561     39.535561     79.071123
     -5.078684     45.042747     45.042747     90.085493
     -5.050072     52.068996     52.068996    104.137992
     -5.021459     60.051612     60.051612    120.103223
     -4.992847     68.420921     68.420921    136.841842
     -4.964235     76.742230     76.742230    153.484460
     -4.935622     84.674325     84.674325    169.348650
     -4.907010     91.828581     91.828581    183.657162
     -4.878398     97.716010     97.716010    195.432021
     -4.849785    101.831340    101.831340    203.662679
     -4.821173    103.739131    103.739131    207.478261
     -4.792561    103.083017    103.083017    206.166034
     -4.763948     99.629739     99.629739    199.259479
     -4.735336     93.432860     93.432860    186.865719
     -4.706724     84.983003     84.983003    169.966005
     -4.678112     75.177012     75.177012    150.354024
     -4.649499     65.140040     65.140040    130.280079
     -4.620887     56.021876     56.021876    112.043752
     -4.592275     48.759963     48.759963     97.519926
     -4.563662     43.781926     43.781926     87.563852
     -4.535050     40.837521     40.837521     81.675042
     -4.506438     39.225656     39.225656     78.451313
     -4.477825     38.343033     38.343033     76.686065
     -4.449213     38.101635     38.101635     76.203271
     -4.420601     38.888229     38.888229     77.776457
     -4.391989     41.251513     41.251513     82.503026
     -4.363376     45.717222     45.717222     91.434444
     -4.334764     52.757599     52.757599    105.515198
     -4.306152     62.550309     62.550309    125.100618
     -4.277539     74.422993     74.422993    148.845986
     -4.248927     86.530400     86.530400    173.060800
     -4.220315     96.377692     96.377692    192.755383
     -4.191702    101.992903    101.992903    203.985806
     -4.163090    102.823609    102.823609    205.647218
     -4.134478     99.713591     99.713591    199.427182
     -4.105866     94.200578     94.200578    188.401156
     -4.077253     87.791108     87.791108    175.582215
     -4.048641     81.558500     81.558500    163.117001
     -4.020029     76.020208     76.020208    152.040415
     -3.991416     71.207707     71.207707    142.415413
     -3.962804     66.904433     66.904433    133.808865
     -3.934192     62.930805     62.930805    125.861611
     -3.905579     59.278004     59.278004    118.556008
     -3.876967     56.047782     56.047782    112.095565
     -3.848355     53.357059     53.357059    106.714117
     -3.819742     51.330171     51.330171    102.660343
     -3.791130     50.111318     50.111318    100.222637
     -3.762518     49.772906     49.772906     99.545812
     -3.733906     50.144303     50.144303    100.288605
     -3.705293     50.749054     50.749054    101.498108
     -3.676681     50.996679     50.996679    101.993357
     -3.648069     50.512611     50.512611    101.025221
     -3.619456     49.295391     49.295391     98.590783
     -3.590844     47.558490     47.558490     95.116979
     -3.562232     45.478948     45.478948     90.957896
     -3.533619     43.168612     43.168612     86.337223
     -3.505007     40.896490     40.896490     81.792980
     -3.476395     39.273189     39.273189     78.546378
     -3.447783     39.076302     39.076302     78.152604
     -3.419170     40.702022     40.702022     81.404044
     -3.390558     43.684122     43.684122     87.368245
     -3.361946     46.856622     46.856622     93.713244
     -3.333333     49.194184     49.194184     98.388367
     -3.304721     50.597013     50.597013    101.194026
     -3.276109     51.845607     51.845607    103.691214
     -3.247496     53.787662     53.787662    107.575325
     -3.218884     56.556382     56.556382    113.112764
     -3.190272     59.447237     59.447237    118.894475
     -3.161660     61.369463     61.369463    122.738925
     -3.133047     61.412112     61.412112    122.824225
     -3.104435     59.240088     59.240088    118.480175
     -3.075823     55.296998     55.296998    110.593997
     -3.047210     50.791091     50.791091    101.582183
     -3.018598     47.344366     47.344366     94.688733
     -2.989986     46.314979     46.314979     92.629958
     -2.961373     48.130575     48.130575     96.261151
     -2.932761     52.103941     52.103941    104.207882
     -2.904149     56.891990     56.891990    113.783981
     -2.875536     61.274118     61.274118    122.548237
     -2.846924     64.734128     64.734128    129.468256
     -2.818312     67.509324     67.509324    135.018648
     -2.789700     70.076559     70.076559    140.153118
     -2.761087     72.394150     72.394150    144.788299
     -2.732475     73.544095     73.544095    147.088189
     -2.703863     72.278141     72.278141    144.556283
     -2.675250     68.134946     68.134946    136.269892
     -2.646638     62.058461     62.058461    124.116922
     -2.618026     55.837584     55.837584    111.675168
     -2.589413     50.897826     50.897826    101.795653
     -2.560801     47.589827     47.589827     95.179653
     -2.532189     45.477558     45.477558     90.955116
     -2.503577     44.098662     44.098662     88.197323
     -2.474964     43.388968     43.388968     86.777937
     -2.446352     43.524445     43.524445     87.048889
     -2.417740     44.554885     44.554885     89.109770
     -2.389127     46.266766     46.266766     92.533533
     -2.360515     48.334107     48.334107     96.668213
     -2.331903     50.514365     50.514365    101.028729
     -2.303290     52.680760     52.680760    105.361519
     -2.274678     54.678903     54.678903    109.357806
     -2.246066     56.137133     56.137133    112.274265
     -2.217454     56.425795     56.425795    112.851590
     -2.188841     54.920617     54.920617    109.841233
     -2.160229     51.485739     51.485739    102.971478
     -2.131617     46.812984     46.812984     93.625967
     -2.103004     42.307446     42.307446     84.614892
     -2.074392     39.600766     39.600766     79.201532
     -2.045780     40.014217     40.014217     80.028434
     -2.017167     44.123486     44.123486     88.246972
     -1.988555     51.396796     51.396796    102.793591
     -1.959943     60.085939     60.085939    120.171878
     -1.931330     67.774136     67.774136    135.548272
     -1.902718     72.566637     72.566637    145.133275
     -1.874106     74.099451     74.099451    148.198903
     -1.845494     73.451192     73.451192    146.902383
     -1.816881     72.049201     72.049201    144.098402
     -1.788269     70.627909     70.627909    141.255817
     -1.759657     69.071085     69.071085    138.142170
     -1.731044     66.956474     66.956474    133.912948
     -1.702432     64.081850     64.081850    128.163700
     -1.673820     60.583097     60.583097    121.166193
     -1.645207     56.779114     56.779114    113.558229
     -1.616595     52.991817     52.991817    105.983635
     -1.587983     49.412035     49.412035     98.824071
     -1.559371     46.011300     46.011300     92.022600
     -1.530758     42.583891     42.583891     85.167782
     -1.502146     38.966889     38.966889     77.933778
     -1.473534     35.264174     35.264174     70.528347
     -1.444921     31.825109     31.825109     63.650219
     -1.416309     28.987599     28.987599     57.975198
     -1.387697     26.859936     26.859936     53.719872
     -1.359084     25.332212     25.332212     50.664423
     -1.330472     24.225663     24.225663     48.451327
     -1.301860     23.383043     23.383043     46.766086
     -1.273247     22.646784     22.646784     45.293568
     -1.244635     21.829627     21.829627     43.659255
     -1.216023     20.765619     20.765619     41.531237
     -1.187411     19.392353     19.392353     38.784706
     -1.158798     17.752126     17.752126     35.504252
     -1.130186     15.900097     15.900097     31.800194
     -1.101574     13.841243     13.841243     27.682486
     -1.072961     11.598742     11.598742     23.197484
     -1.044349      9.349737      9.349737     18.699475
     -1.015737      7.449002      7.449002     14.898004
     -0.987124      6.249332      6.249332     12.498663
     -0.958512      5.844210      5.844210     11.688420
     -0.929900      5.973872      5.973872     11.947744
     -0.901288      6.207434      6.207434     12.414867
     -0.872675      6.250483      6.250483     12.500965
     -0.844063      6.100593      6.100593     12.201187
     -0.815451      5.927117      5.927117     11.854235
     -0.786838      5.824175      5.824175     11.648349
     -0.758226      5.686782      5.686782     11.373565
     -0.729614      5.308510      5.308510     10.617020
     -0.701001      4.584300      4.584300      9.168599
     -0.672389      3.630745      3.630745      7.261490
     -0.643777      2.732387      2.732387      5.464775
     -0.615165      2.168032      2.168032      4.336064
     -0.586552      2.045517      2.045517      4.091034
     -0.557940      2.246259      2.246259      4.492519
     -0.529328      2.502053      2.502053      5.004106
     -0.500715      2.551856      2.551856      5.103713
     -0.472103      2.282234      2.282234      4.564469
     -0.443491      1.765434      1.765434      3.530867
     -0.414878      1.183370      1.183370      2.366739
     -0.386266      0.710678      0.710678      1.421355
     -0.357654      0.444355      0.444355      0.888710
     -0.329041      0.403292      0.403292      0.806585
     -0.300429      0.555435      0.555435      1.110871
     -0.271817      0.829280      0.829280      1.658560
     -0.243205      1.114447      1.114447      2.228895
     -0.214592      1.286406      1.286406      2.572812
     -0.185980      1.263473      1.263473      2.526945
     -0.157368      1.053990      1.053990      2.107979
     -0.128755      0.746530      0.746530      1.493060
     -0.100143      0.449014      0.449014      0.898028
     -0.071531      0.229823      0.229823      0.459646
     -0.042918      0.102290      0.102290      0.204579
     -0.014306      0.047850      0.047850      0.095699
      0.014306      0.048085      0.048085      0.096169
      0.042918      0.104695      0.104695      0.209389
      0.071531      0.242709      0.242709      0.485418
      0.100143      0.498323      0.498323      0.996646
      0.128755      0.896125      0.896125      1.792249
      0.157368      1.429341      1.429341      2.858682
      0.185980      2.059601      2.059601      4.119202
      0.214592      2.737265      2.737265      5.474530
      0.243205      3.427490      3.427490      6.854979
      0.271817      4.134181      4.134181      8.268363
      0.300429      4.919886      4.919886      9.839771
      0.329041      5.892020      5.892020     11.784039
      0.357654      7.114836      7.114836     14.229673
      0.386266      8.485999      8.485999     16.971998
      0.414878      9.719047      9.719047     19.438095
      0.443491     10.528513     10.528513     21.057027
      0.472103     10.906303     10.906303     21.812606
      0.500715     11.232533     11.232533     22.465065
      0.529328     12.094210     12.094210     24.188420
      0.557940     13.995633     13.995633     27.991265
      0.586552     17.284824     17.284824     34.569648
      0.615165     22.374560     22.374560     44.749120
      0.643777     29.919724     29.919724     59.839448
      0.672389     40.511336     40.511336     81.022672
      0.701001     53.902680     53.902680    107.805359
      0.729614     68.413121     68.413121    136.826242
      0.758226     81.224739     81.224739    162.449478
      0.786838     89.556501     89.556501    179.113003
      0.815451     91.895215     91.895215    183.790430
      0.844063     88.485845     88.485845    176.971691
      0.872675     81.031530     81.031530    162.063061
      0.901288     72.070516     72.070516    144.141032
      0.929900     64.318334     64.318334    128.636668
      0.958512     59.935305     59.935305    119.870610
      0.987124     59.813468     59.813468    119.626935
      1.015737     63.347393     63.347393    126.694787
      1.044349     69.039912     69.039912    138.079825
      1.072961     75.551865     75.551865    151.103729
      1.101574     82.264960     82.264960    164.529919
      1.130186     88.908253     88.908253    177.816505
      1.158798     94.857512     94.857512    189.715023
      1.187411     99.031489     99.031489    198.062978
      1.216023    100.482896    100.482896    200.965792
      1.244635     98.962552     98.962552    197.925104
      1.273247     94.957183     94.957183    189.914367
      1.301860     89.420987     89.420987    178.841973
      1.330472     83.529344     83.529344    167.058687
      1.359084     78.378175     78.378175    156.756350
      1.387697     74.548833     74.548833    149.097665
      1.416309     71.877999     71.877999    143.755999
      1.444921     69.761813     69.761813    139.523626
      1.473534     67.734673     67.734673    135.469346
      1.502146     65.736684     65.736684    131.473368
      1.530758     63.882575     63.882575    127.765151
      1.559371     62.112776     62.112776    124.225553
      1.587983     60.151187     60.151187    120.302373
      1.616595     57.757980     57.757980    115.515961
      1.645207     54.941973     54.941973    109.883945
      1.673820     51.941329     51.941329    103.882657
      1.702432     49.109361     49.109361     98.218723
      1.731044     46.881559     46.881559     93.763118
      1.759657     45.766386     45.766386     91.532772
      1.788269     46.203422     46.203422     92.406844
      1.816881     48.306401     48.306401     96.612802
      1.845494     51.674245     51.674245    103.348489
      1.874106     55.405318     55.405318    110.810636
      1.902718     58.321608     58.321608    116.643217
      1.931330     59.360174     59.360174    118.720348
      1.959943     58.043545     58.043545    116.087090
      1.988555     54.804985     54.804985    109.609969
      2.017167     50.877748     50.877748    101.755495
      2.045780     47.678291     47.678291     95.356583
      2.074392     46.015348     46.015348     92.030695
      2.103004     45.653661     45.653661     91.307322
      2.131617     45.529387     45.529387     91.058775
      2.160229     44.446005     44.446005     88.892009
      2.188841     41.779496     41.779496     83.558991
      2.217454     37.804795     37.804795     75.609589
      2.246066     33.559476     33.559476     67.118951
      2.274678     30.376820     30.376820     60.753639
      2.303290     29.271111     29.271111     58.542222
      2.331903     30.396836     30.396836     60.793673
      2.360515     32.873484     32.873484     65.746967
      2.389127     35.194569     35.194569     70.389137
      2.417740     36.106797     36.106797     72.213594
      2.446352     35.431135     35.431135     70.862270
      2.474964     34.192039     34.192039     68.384078
      2.503577     33.862759     33.862759     67.725518
      2.532189     35.248214     35.248214     70.496428
      2.560801     37.860924     37.860924     75.721848
      2.589413     40.252390     40.252390     80.504779
      2.618026     41.009693     41.009693     82.019385
      2.646638     39.677016     39.677016     79.354033
      2.675250     37.011778     37.011778     74.023556
      2.703863     34.522935     34.522935     69.045869
      2.732475     33.711847     33.711847     67.423694
      2.761087     35.482771     35.482771     70.965543
      2.789700     39.865090     39.865090     79.730181
      2.818312     45.955900     45.955900     91.911800
      2.846924     52.114327     52.114327    104.228654
      2.875536     56.548850     56.548850    113.097700
      2.904149     58.128001     58.128001    116.256001
      2.932761     56.854644     56.854644    113.709287
      2.961373     53.630095     53.630095    107.260191
      2.989986     49.586446     49.586446     99.172892
      3.018598     45.582769     45.582769     91.165539
      3.047210     42.114650     42.114650     84.229301
      3.075823     39.420395     39.420395     78.840790
      3.104435     37.524990     37.524990     75.049979
      3.133047     36.217049     36.217049     72.434098
      3.161660     35.094138     35.094138     70.188275
      3.190272     33.730651     33.730651     67.461301
      3.218884     31.885534     31.885534     63.771069
      3.247496     29.609182     29.609182     59.218363
      3.276109     27.163510     27.163510     54.327020
      3.304721     24.807767     24.807767     49.615534
      3.333333     22.612931     22.612931     45.225862
      3.361946     20.439036     20.439036     40.878071
      3.390558     18.077209     18.077209     36.154418
      3.419170     15.442238     15.442238     30.884476
      3.447783     12.667017     12.667017     25.334034
      3.476395     10.019480     10.019480     20.038960
      3.505007      7.718430      7.718430     15.436860
      3.533619      5.829759      5.829759     11.659518
      3.562232      4.336592      4.336592      8.673183
      3.590844      3.280909      3.280909      6.561819
      3.619456      2.801856      2.801856      5.603712
      3.648069      3.014313      3.014313      6.028626
      3.676681      3.832496      3.832496      7.664992
      3.705293      4.904286      4.904286      9.808571
      3.733906      5.750881      5.750881     11.501762
      3.762518      6.041906      6.041906     12.083813
      3.791130      5.797655      5.797655     11.595309
      3.819742      5.351295      5.351295     10.702590
      3.848355      5.111399      5.111399     10.222797
      3.876967      5.321667      5.321667     10.643335
      3.905579      5.970506      5.970506     11.941013
      3.934192      6.849471      6.849471     13.698942
      3.962804      7.666445      7.666445     15.332889
      3.991416      8.140308      8.140308     16.280616
      4.020029      8.075708      8.075708     16.151417
      4.048641      7.446645      7.446645     14.893290
      4.077253      6.468084      6.468084     12.936169
      4.105866      5.572129      5.572129     11.144258
      4.134478      5.233492      5.233492     10.466985
      4.163090      5.711282      5.711282     11.422564
      4.191702      6.871456      6.871456     13.742912
      4.220315      8.222038      8.222038     16.444076
      4.248927      9.153234      9.153234     18.306469
      4.277539      9.239558      9.239558     18.479117
      4.306152      8.425554      8.425554     16.851108
      4.334764      6.996957      6.996957     13.993913
      4.363376      5.380637      5.380637     10.761274
      4.391989      3.926136      3.926136      7.852272
      4.420601      2.814944      2.814944      5.629887
      4.449213      2.119799      2.119799      4.239598
      4.477825      1.904267      1.904267      3.808533
      4.506438      2.234262      2.234262      4.468524
      4.535050      3.077950      3.077950      6.155901
      4.563662      4.200190      4.200190      8.400381
      4.592275      5.197147      5.197147     10.394293
      4.620887      5.708319      5.708319     11.416637
      4.649499      5.658617      5.658617     11.317235
      4.678112      5.315597      5.315597     10.631193
      4.706724      5.102424      5.102424     10.204848
      4.735336      5.323691      5.323691     10.647381
      4.763948      6.000073      6.000073     12.000146
      4.792561      6.875208      6.875208     13.750417
      4.821173      7.549679      7.549679     15.099358
      4.849785      7.684063      7.684063     15.368125
      4.878398      7.194848      7.194848     14.389695
      4.907010      6.317417      6.317417     12.634834
      4.935622      5.456359      5.456359     10.912718
      4.964235      4.925409      4.925409      9.850817
      4.992847      4.802913      4.802913      9.605826
      5.021459      5.010475      5.010475     10.020950
      5.050072      5.481951      5.481951     10.963902
      5.078684      6.216569      6.216569     12.433138
      5.107296      7.180031      7.180031     14.360062
      5.135908      8.205240      8.205240     16.410479
      5.164521      9.027602      9.027602     18.055203
      5.193133      9.424979      9.424979     18.849957
      5.221745      9.342534      9.342534     18.685068
      5.250358      8.939375      8.939375     17.878750
      5.278970      8.562248      8.562248     17.124496
      5.307582      8.647623      8.647623     17.295246
      5.336195      9.551852      9.551852     19.103703
      5.364807     11.362487     11.362487     22.724974
      5.393419     13.790971     13.790971     27.581941
      5.422031     16.226447     16.226447     32.452894
      5.450644     17.952810     17.952810     35.905619
      5.479256     18.443400     18.443400     36.886799
      5.507868     17.599031     17.599031     35.198061
      5.536481     15.814624     15.814624     31.629249
      5.565093     13.844070     13.844070     27.688140
      5.593705     12.537322     12.537322     25.074645
      5.622318     12.568895     12.568895     25.137789
      5.650930     14.228066     14.228066     28.456133
      5.679542     17.282032     17.282032     34.564064
      5.708155     20.955342     20.955342     41.910683
      5.736767     24.138934     24.138934     48.277868
      5.765379     25.870191     25.870191     51.740383
      5.793991     25.861854     25.861854     51.723707
      5.822604     24.666174     24.666174     49.332348
      5.851216     23.279042     23.279042     46.558085
      5.879828     22.508890     22.508890     45.017780
      5.908441     22.668433     22.668433     45.336865
      5.937053     23.756287     23.756287     47.512575
      5.965665     25.737974     25.737974     51.475948
      5.994278     28.521711     28.521711     57.043423
      6.022890     31.737513     31.737513     63.475026
      6.051502     34.726179     34.726179     69.452358
      6.080114     36.830011     36.830011     73.660021
      6.108727     37.671092     37.671092     75.342184
      6.137339     37.200713     37.200713     74.401425
      6.165951     35.651298     35.651298     71.302596
      6.194564     33.527852     33.527852     67.055704
      6.223176     31.517741     31.517741     63.035482
      6.251788     30.205683     30.205683     60.411365
      6.280401     29.781465     29.781465     59.562930
      6.309013     30.023686     30.023686     60.047371
      6.337625     30.558394     30.558394     61.116788
      6.366237     31.126264     31.126264     62.252527
      6.394850     31.663799     31.663799     63.327597
      6.423462     32.230037     32.230037     64.460074
      6.452074     32.896234     32.896234     65.792468
      6.480687     33.669992     33.669992     67.339984
      6.509299     34.482149     34.482149     68.964299
      6.537911     35.224730     35.224730     70.449459
      6.566524     35.776698     35.776698     71.553396
      6.595136     35.980915     35.980915     71.961830
      6.623748     35.647498     35.647498     71.294995
      6.652361     34.683448     34.683448     69.366896
      6.680973     33.287479     33.287479     66.574958
      6.709585     31.980229     31.980229     63.960459
      6.738197     31.326319     31.326319     62.652639
      6.766810     31.536938     31.536938     63.073877
      6.795422     32.356839     32.356839     64.713677
      6.824034     33.402149     33.402149     66.804298
      6.852647     34.604477     34.604477     69.208955
      6.881259     36.234464     36.234464     72.468928
      6.909871     38.425618     38.425618     76.851236
      6.938484     40.735560     40.735560     81.471121
      6.967096     42.321032     42.321032     84.642065
      6.995708     42.643580     42.643580     85.287160
      7.024320     41.999407     41.999407     83.998815
      7.052933     41.335525     41.335525     82.671051
      7.081545     41.585186     41.585186     83.170372
      7.110157     43.195957     43.195957     86.391914
      7.138770     46.167756     46.167756     92.335513
      7.167382     50.318675     50.318675    100.637351
      7.195994     55.379505     55.379505    110.759010
      7.224607     60.864440     60.864440    121.728881
      7.253219     65.954468     65.954468    131.908935
      7.281831     69.600999     69.600999    139.201998
      7.310443     70.858728     70.858728    141.717456
      7.339056     69.290317     69.290317    138.580633
      7.367668     65.232713     65.232713    130.465427
      7.396280     59.783600     59.783600    119.567200
      7.424893     54.497429     54.497429    108.994858
      7.453505     50.880915     50.880915    101.761831
      7.482117     49.835854     49.835854     99.671708
      7.510730     51.262397     51.262397    102.524794
      7.539342     54.064188     54.064188    108.128377
      7.567954     56.657867     56.657867    113.315734
      7.596567     57.773586     57.773586    115.547172
      7.625179     57.064058     57.064058    114.128115
      7.653791     55.116528     55.116528    110.233056
      7.682403     52.916518     52.916518    105.833035
      7.711016     51.243196     51.243196    102.486393
      7.739628     50.434506     50.434506    100.869012
      7.768240     50.521985     50.521985    101.043970
      7.796853     51.425201     51.425201    102.850401
      7.825465     52.998039     52.998039    105.996078
      7.854077     54.977174     54.977174    109.954348
      7.882690     56.964734     56.964734    113.929467
      7.911302     58.501818     58.501818    117.003635
      7.939914     59.224261     59.224261    118.448521
      7.968526     59.040083     59.040083    118.080165
      7.997139     58.197468     58.197468    116.394935
      8.025751     57.136056     57.136056    114.272112
      8.054363     56.198671     56.198671    112.397341
      8.082976     55.448219     55.448219    110.896438
      8.111588     54.755372     54.755372    109.510743
      8.140200     54.032036     54.032036    108.064072
      8.168813     53.313295     53.313295    106.626591
      8.197425     52.595808     52.595808    105.191617
      8.226037     51.700113     51.700113    103.400225
      8.254649     50.421682     50.421682    100.843365
      8.283262     48.817619     48.817619     97.635237
      8.311874     47.233275     47.233275     94.466549
      8.340486     45.981854     45.981854     91.963708
      8.369099     45.026753     45.026753     90.053505
      8.397711     44.006068     44.006068     88.012135
      8.426323     42.552812     42.552812     85.105624
      8.454936     40.595660     40.595660     81.191320
      8.483548     38.413736     38.413736     76.827473
      8.512160     36.495409     36.495409     72.990818
      8.540773     35.403359     35.403359     70.806717
      8.569385     35.710460     35.710460     71.420921
      8.597997     37.832105     37.832105     75.664211
      8.626609     41.645827     41.645827     83.291654
      8.655222     46.199348     46.199348     92.398696
      8.683834     50.000174     50.000174    100.000348
      8.712446     51.912507     51.912507    103.825013
      8.741059     51.998146     51.998146    103.996293
      8.769671     51.566432     51.566432    103.132864
      8.798283     52.363934     52.363934    104.727868
      8.826896     55.511442     55.511442    111.022885
      8.855508     60.872760     60.872760    121.745520
      8.884120     67.133679     67.133679    134.267357
      8.912732     72.447567     72.447567    144.895133
      8.941345     75.305667     75.305667    150.611333
      8.969957     75.254757     75.254757    150.509513
      8.998569     73.123463     73.123463    146.246925
      9.027182     70.585985     70.585985    141.171970
      9.055794     69.246321     69.246321    138.492642
      9.084406     69.774519     69.774519    139.549038
      9.113019     71.625305     71.625305    143.250610
      9.141631     73.463343     73.463343    146.926685
      9.170243     73.964095     73.964095    147.928190
      9.198856     72.511423     72.511423    145.022846
      9.227468     69.487481     69.487481    138.974963
      9.256080     66.122454     66.122454    132.244908
      9.284692     64.039508     64.039508    128.079017
      9.313305     64.649699     64.649699    129.299399
      9.341917     68.526742     68.526742    137.053484
      9.370529     74.940876     74.940876    149.881752
      9.399142     81.817529     81.817529    163.635058
      9.427754     86.329385     86.329385    172.658770
      9.456366     86.024842     86.024842    172.049684
      9.484979     79.991772     79.991772    159.983544
      9.513591     69.389437     69.389437    138.778875
      9.542203     56.990676     56.990676    113.981352
      9.570815     46.008456     46.008456     92.016912
      9.599428     38.911915     38.911915     77.823829
      9.628040     36.771880     36.771880     73.543761
      9.656652     39.172073     39.172073     78.344147
      9.685265     44.504201     44.504201     89.008402
      9.713877     50.618528     50.618528    101.237057
      9.742489     55.761403     55.761403    111.522807
      9.771102     59.317090     59.317090    118.634180
      9.799714     61.755521     61.755521    123.511041
      9.828326     63.821454     63.821454    127.642909
      9.856938     65.721141     65.721141    131.442281
      9.885551     66.981948     66.981948    133.963896
      9.914163     66.947354     66.947354    133.894708
      9.942775     65.395948     65.395948    130.791895
      9.971388     62.857250     62.857250    125.714499
     10.000000     60.452387     60.452387    120.904774
