# EIG2DOS: Utility for SIESTA to obtain the electronic density of states
#  E. Artacho, Apr 1999, A. Garcia, Apr 2012
# ------------------------------------------
# Eigenvalues read from 2mos2-2graphene.EIG
# Using smearing parameter:   0.100
# Using    700 points in energy range
# Selected bands: 1 to: 2612
# Emin, emax in file for selected band(s):    -23.0646700    153.3929800
# Nbands, Nspin, Nk   =   2612     1    13
# E_F                 =    -4.8503 eV --> (shifted to ZERO)
# Broadening          =     0.1000 eV
#
#        E            N(up)  (=)   N(down)         Ntot
    -10.000000      5.103531      5.103531     10.207063
     -9.971388      3.993957      3.993957      7.987914
     -9.942775      3.609449      3.609449      7.218897
     -9.914163      3.885778      3.885778      7.771555
     -9.885551      4.634967      4.634967      9.269934
     -9.856938      5.694818      5.694818     11.389635
     -9.828326      6.967738      6.967738     13.935476
     -9.799714      8.340180      8.340180     16.680359
     -9.771102      9.591894      9.591894     19.183789
     -9.742489     10.404183     10.404183     20.808366
     -9.713877     10.477099     10.477099     20.954198
     -9.685265      9.676489      9.676489     19.352978
     -9.656652      8.117399      8.117399     16.234798
     -9.628040      6.133809      6.133809     12.267619
     -9.599428      4.149943      4.149943      8.299886
     -9.570815      2.527982      2.527982      5.055964
     -9.542203      1.485362      1.485362      2.970725
     -9.513591      1.126184      1.126184      2.252368
     -9.484979      1.540037      1.540037      3.080074
     -9.456366      2.855852      2.855852      5.711704
     -9.427754      5.158947      5.158947     10.317895
     -9.399142      8.293193      8.293193     16.586385
     -9.370529     11.706540     11.706540     23.413079
     -9.341917     14.529238     14.529238     29.058477
     -9.313305     15.923598     15.923598     31.847196
     -9.284692     15.510247     15.510247     31.020494
     -9.256080     13.576791     13.576791     27.153583
     -9.227468     10.920795     10.920795     21.841590
     -9.198856      8.443026      8.443026     16.886052
     -9.170243      6.759902      6.759902     13.519804
     -9.141631      6.039086      6.039086     12.078172
     -9.113019      6.069999      6.069999     12.139998
     -9.084406      6.446990      6.446990     12.893979
     -9.055794      6.764881      6.764881     13.529763
     -9.027182      6.808263      6.808263     13.616527
     -8.998569      6.697095      6.697095     13.394189
     -8.969957      6.861182      6.861182     13.722363
     -8.941345      7.758626      7.758626     15.517252
     -8.912732      9.483566      9.483566     18.967132
     -8.884120     11.588955     11.588955     23.177911
     -8.855508     13.330047     13.330047     26.660093
     -8.826896     14.174533     14.174533     28.349067
     -8.798283     14.162663     14.162663     28.325327
     -8.769671     13.806872     13.806872     27.613745
     -8.741059     13.619326     13.619326     27.238653
     -8.712446     13.684702     13.684702     27.369404
     -8.683834     13.647841     13.647841     27.295683
     -8.655222     13.097097     13.097097     26.194193
     -8.626609     11.956698     11.956698     23.913396
     -8.597997     10.525811     10.525811     21.051622
     -8.569385      9.198987      9.198987     18.397975
     -8.540773      8.222924      8.222924     16.445848
     -8.512160      7.716999      7.716999     15.433998
     -8.483548      7.804541      7.804541     15.609081
     -8.454936      8.579959      8.579959     17.159919
     -8.426323      9.911535      9.911535     19.823070
     -8.397711     11.350522     11.350522     22.701045
     -8.369099     12.317456     12.317456     24.634912
     -8.340486     12.415648     12.415648     24.831297
     -8.311874     11.603047     11.603047     23.206093
     -8.283262     10.152549     10.152549     20.305097
     -8.254649      8.541323      8.541323     17.082646
     -8.226037      7.366605      7.366605     14.733211
     -8.197425      7.215436      7.215436     14.430872
     -8.168813      8.406589      8.406589     16.813179
     -8.140200     10.713609     10.713609     21.427218
     -8.111588     13.333858     13.333858     26.667715
     -8.082976     15.269352     15.269352     30.538704
     -8.054363     15.947496     15.947496     31.894992
     -8.025751     15.612299     15.612299     31.224599
     -7.997139     15.101858     15.101858     30.203717
     -7.968526     15.128476     15.128476     30.256951
     -7.939914     15.656876     15.656876     31.313751
     -7.911302     15.926538     15.926538     31.853076
     -7.882690     15.092635     15.092635     30.185271
     -7.854077     12.921871     12.921871     25.843743
     -7.825465      9.982995      9.982995     19.965990
     -7.796853      7.251925      7.251925     14.503851
     -7.768240      5.505072      5.505072     11.010144
     -7.739628      4.935938      4.935938      9.871876
     -7.711016      5.180879      5.180879     10.361758
     -7.682403      5.666222      5.666222     11.332444
     -7.653791      6.035047      6.035047     12.070093
     -7.625179      6.381577      6.381577     12.763154
     -7.596567      7.136437      7.136437     14.272874
     -7.567954      8.692793      8.692793     17.385586
     -7.539342     11.067163     11.067163     22.134327
     -7.510730     13.848418     13.848418     27.696835
     -7.482117     16.433168     16.433168     32.866335
     -7.453505     18.327090     18.327090     36.654180
     -7.424893     19.301186     19.301186     38.602372
     -7.396280     19.364825     19.364825     38.729650
     -7.367668     18.652960     18.652960     37.305921
     -7.339056     17.328217     17.328217     34.656434
     -7.310443     15.533140     15.533140     31.066280
     -7.281831     13.383900     13.383900     26.767799
     -7.253219     10.994987     10.994987     21.989973
     -7.224607      8.529628      8.529628     17.059257
     -7.195994      6.251530      6.251530     12.503061
     -7.167382      4.531074      4.531074      9.062148
     -7.138770      3.775582      3.775582      7.551165
     -7.110157      4.296910      4.296910      8.593821
     -7.081545      6.159847      6.159847     12.319694
     -7.052933      9.080869      9.080869     18.161738
     -7.024320     12.472671     12.472671     24.945342
     -6.995708     15.674329     15.674329     31.348659
     -6.967096     18.239190     18.239190     36.478381
     -6.938484     20.048402     20.048402     40.096805
     -6.909871     21.168142     21.168142     42.336284
     -6.881259     21.647144     21.647144     43.294289
     -6.852647     21.508402     21.508402     43.016803
     -6.824034     20.922492     20.922492     41.844985
     -6.795422     20.283883     20.283883     40.567765
     -6.766810     19.996259     19.996259     39.992517
     -6.738197     20.133029     20.133029     40.266058
     -6.709585     20.348877     20.348877     40.697755
     -6.680973     20.203581     20.203581     40.407162
     -6.652361     19.632591     19.632591     39.265182
     -6.623748     19.131829     19.131829     38.263658
     -6.595136     19.492498     19.492498     38.984996
     -6.566524     21.310921     21.310921     42.621842
     -6.537911     24.636342     24.636342     49.272684
     -6.509299     28.975963     28.975963     57.951926
     -6.480687     33.614280     33.614280     67.228559
     -6.452074     37.969977     37.969977     75.939954
     -6.423462     41.708170     41.708170     83.416341
     -6.394850     44.636983     44.636983     89.273966
     -6.366237     46.688917     46.688917     93.377834
     -6.337625     48.084994     48.084994     96.169987
     -6.309013     49.363405     49.363405     98.726811
     -6.280401     51.031814     51.031814    102.063627
     -6.251788     53.180438     53.180438    106.360876
     -6.223176     55.608634     55.608634    111.217268
     -6.194564     58.417900     58.417900    116.835801
     -6.165951     62.352964     62.352964    124.705927
     -6.137339     68.373421     68.373421    136.746843
     -6.108727     76.802356     76.802356    153.604713
     -6.080114     86.833699     86.833699    173.667398
     -6.051502     96.726151     96.726151    193.452301
     -6.022890    104.394769    104.394769    208.789537
     -5.994278    108.065567    108.065567    216.131134
     -5.965665    106.907542    106.907542    213.815083
     -5.937053    101.506002    101.506002    203.012004
     -5.908441     93.821315     93.821315    187.642629
     -5.879828     86.409322     86.409322    172.818644
     -5.851216     81.193910     81.193910    162.387820
     -5.822604     78.522382     78.522382    157.044765
     -5.793991     77.181632     77.181632    154.363264
     -5.765379     75.419748     75.419748    150.839497
     -5.736767     72.210861     72.210861    144.421721
     -5.708155     67.778675     67.778675    135.557350
     -5.679542     63.084307     63.084307    126.168614
     -5.650930     58.925320     58.925320    117.850640
     -5.622318     55.512672     55.512672    111.025344
     -5.593705     52.745900     52.745900    105.491800
     -5.565093     50.658156     50.658156    101.316312
     -5.536481     49.412736     49.412736     98.825472
     -5.507868     48.848910     48.848910     97.697820
     -5.479256     48.221979     48.221979     96.443959
     -5.450644     46.661611     46.661611     93.323222
     -5.422031     43.995452     43.995452     87.990904
     -5.393419     41.002488     41.002488     82.004975
     -5.364807     38.720730     38.720730     77.441461
     -5.336195     37.519716     37.519716     75.039431
     -5.307582     36.898790     36.898790     73.797581
     -5.278970     36.118964     36.118964     72.237928
     -5.250358     34.927905     34.927905     69.855810
     -5.221745     33.715491     33.715491     67.430982
     -5.193133     33.121992     33.121992     66.243984
     -5.164521     33.563784     33.563784     67.127569
     -5.135908     35.052643     35.052643     70.105286
     -5.107296     37.357559     37.357559     74.715117
     -5.078684     40.299249     40.299249     80.598497
     -5.050072     43.911375     43.911375     87.822750
     -5.021459     48.373863     48.373863     96.747725
     -4.992847     53.855568     53.855568    107.711136
     -4.964235     60.433100     60.433100    120.866201
     -4.935622     68.083723     68.083723    136.167446
     -4.907010     76.650643     76.650643    153.301285
     -4.878398     85.752198     85.752198    171.504395
     -4.849785     94.690073     94.690073    189.380145
     -4.821173    102.417067    102.417067    204.834134
     -4.792561    107.639771    107.639771    215.279543
     -4.763948    109.145099    109.145099    218.290198
     -4.735336    106.292800    106.292800    212.585601
     -4.706724     99.361871     99.361871    198.723741
     -4.678112     89.444856     89.444856    178.889712
     -4.649499     77.988824     77.988824    155.977647
     -4.620887     66.414699     66.414699    132.829399
     -4.592275     56.028301     56.028301    112.056602
     -4.563662     47.961735     47.961735     95.923471
     -4.535050     42.864182     42.864182     85.728365
     -4.506438     40.554366     40.554366     81.108731
     -4.477825     40.119980     40.119980     80.239959
     -4.449213     40.531503     40.531503     81.063006
     -4.420601     41.239735     41.239735     82.479469
     -4.391989     42.260099     42.260099     84.520198
     -4.363376     43.874789     43.874789     87.749578
     -4.334764     46.454185     46.454185     92.908371
     -4.306152     50.544920     50.544920    101.089840
     -4.277539     56.839567     56.839567    113.679134
     -4.248927     65.700406     65.700406    131.400812
     -4.220315     76.517535     76.517535    153.035071
     -4.191702     87.556027     87.556027    175.112055
     -4.163090     96.569178     96.569178    193.138355
     -4.134478    101.757810    101.757810    203.515620
     -4.105866    102.442441    102.442441    204.884881
     -4.077253     99.178622     99.178622    198.357244
     -4.048641     93.402223     93.402223    186.804445
     -4.020029     86.771225     86.771225    173.542450
     -3.991416     80.451120     80.451120    160.902241
     -3.962804     74.749234     74.749234    149.498468
     -3.934192     69.378767     69.378767    138.757535
     -3.905579     64.115267     64.115267    128.230534
     -3.876967     59.215864     59.215864    118.431729
     -3.848355     55.227019     55.227019    110.454038
     -3.819742     52.475012     52.475012    104.950023
     -3.791130     50.837561     50.837561    101.675122
     -3.762518     49.989186     49.989186     99.978372
     -3.733906     49.735819     49.735819     99.471637
     -3.705293     50.022535     50.022535    100.045069
     -3.676681     50.678964     50.678964    101.357929
     -3.648069     51.285201     51.285201    102.570403
     -3.619456     51.332372     51.332372    102.664745
     -3.590844     50.487839     50.487839    100.975678
     -3.562232     48.728633     48.728633     97.457266
     -3.533619     46.315353     46.315353     92.630705
     -3.505007     43.705806     43.705806     87.411611
     -3.476395     41.474490     41.474490     82.948981
     -3.447783     40.227099     40.227099     80.454198
     -3.419170     40.432162     40.432162     80.864324
     -3.390558     42.124590     42.124590     84.249180
     -3.361946     44.671359     44.671359     89.342718
     -3.333333     46.979559     46.979559     93.959119
     -3.304721     48.225802     48.225802     96.451603
     -3.276109     48.544055     48.544055     97.088110
     -3.247496     48.947361     48.947361     97.894722
     -3.218884     50.458244     50.458244    100.916489
     -3.190272     53.236869     53.236869    106.473739
     -3.161660     56.461050     56.461050    112.922099
     -3.133047     58.914731     58.914731    117.829462
     -3.104435     59.662447     59.662447    119.324895
     -3.075823     58.387076     58.387076    116.774152
     -3.047210     55.453821     55.453821    110.907642
     -3.018598     51.840010     51.840010    103.680021
     -2.989986     48.847665     48.847665     97.695330
     -2.961373     47.570008     47.570008     95.140016
     -2.932761     48.416826     48.416826     96.833652
     -2.904149     51.056308     51.056308    102.112617
     -2.875536     54.757060     54.757060    109.514119
     -2.846924     58.809959     58.809959    117.619918
     -2.818312     62.781593     62.781593    125.563186
     -2.789700     66.533672     66.533672    133.067344
     -2.761087     70.002075     70.002075    140.004150
     -2.732475     72.832964     72.832964    145.665929
     -2.703863     74.206060     74.206060    148.412120
     -2.675250     73.180773     73.180773    146.361545
     -2.646638     69.424310     69.424310    138.848619
     -2.618026     63.669901     63.669901    127.339802
     -2.589413     57.398456     57.398456    114.796913
     -2.560801     51.980016     51.980016    103.960031
     -2.532189     48.026663     48.026663     96.053326
     -2.503577     45.439800     45.439800     90.879600
     -2.474964     43.933636     43.933636     87.867271
     -2.446352     43.441271     43.441271     86.882543
     -2.417740     44.068299     44.068299     88.136599
     -2.389127     45.776430     45.776430     91.552860
     -2.360515     48.197090     48.197090     96.394180
     -2.331903     50.755605     50.755605    101.511210
     -2.303290     52.961478     52.961478    105.922957
     -2.274678     54.607190     54.607190    109.214379
     -2.246066     55.715465     55.715465    111.430930
     -2.217454     56.261009     56.261009    112.522018
     -2.188841     55.909475     55.909475    111.818951
     -2.160229     54.104356     54.104356    108.208712
     -2.131617     50.560753     50.560753    101.121507
     -2.103004     45.760259     45.760259     91.520517
     -2.074392     40.962354     40.962354     81.924709
     -2.045780     37.728640     37.728640     75.457280
     -2.017167     37.380457     37.380457     74.760915
     -1.988555     40.649654     40.649654     81.299309
     -1.959943     47.412869     47.412869     94.825737
     -1.931330     56.479799     56.479799    112.959598
     -1.902718     65.773279     65.773279    131.546558
     -1.874106     73.130533     73.130533    146.261065
     -1.845494     77.280244     77.280244    154.560489
     -1.816881     78.206129     78.206129    156.412258
     -1.788269     76.683612     76.683612    153.367223
     -1.759657     73.583703     73.583703    147.167407
     -1.731044     69.570981     69.570981    139.141963
     -1.702432     65.188894     65.188894    130.377788
     -1.673820     60.942337     60.942337    121.884673
     -1.645207     57.206684     57.206684    114.413369
     -1.616595     54.121965     54.121965    108.243929
     -1.587983     51.619445     51.619445    103.238891
     -1.559371     49.499300     49.499300     98.998600
     -1.530758     47.422911     47.422911     94.845821
     -1.502146     44.908751     44.908751     89.817501
     -1.473534     41.558394     41.558394     83.116787
     -1.444921     37.448177     37.448177     74.896355
     -1.416309     33.245753     33.245753     66.491506
     -1.387697     29.797933     29.797933     59.595866
     -1.359084     27.553270     27.553270     55.106540
     -1.330472     26.375262     26.375262     52.750523
     -1.301860     25.802249     25.802249     51.604498
     -1.273247     25.349999     25.349999     50.699998
     -1.244635     24.610594     24.610594     49.221188
     -1.216023     23.290388     23.290388     46.580776
     -1.187411     21.330741     21.330741     42.661482
     -1.158798     18.972113     18.972113     37.944227
     -1.130186     16.592086     16.592086     33.184171
     -1.101574     14.435456     14.435456     28.870912
     -1.072961     12.509362     12.509362     25.018724
     -1.044349     10.720745     10.720745     21.441489
     -1.015737      9.074033      9.074033     18.148066
     -0.987124      7.722214      7.722214     15.444428
     -0.958512      6.835956      6.835956     13.671911
     -0.929900      6.429714      6.429714     12.859427
     -0.901288      6.325441      6.325441     12.650882
     -0.872675      6.300729      6.300729     12.601457
     -0.844063      6.266790      6.266790     12.533581
     -0.815451      6.277572      6.277572     12.555144
     -0.786838      6.361340      6.361340     12.722680
     -0.758226      6.376577      6.376577     12.753154
     -0.729614      6.072656      6.072656     12.145313
     -0.701001      5.308518      5.308518     10.617037
     -0.672389      4.211885      4.211885      8.423769
     -0.643777      3.125914      3.125914      6.251827
     -0.615165      2.394339      2.394339      4.788677
     -0.586552      2.158850      2.158850      4.317700
     -0.557940      2.298876      2.298876      4.597752
     -0.529328      2.526526      2.526526      5.053052
     -0.500715      2.562147      2.562147      5.124294
     -0.472103      2.282899      2.282899      4.565799
     -0.443491      1.759440      1.759440      3.518880
     -0.414878      1.174812      1.174812      2.349624
     -0.386266      0.703825      0.703825      1.407650
     -0.357654      0.442141      0.442141      0.884282
     -0.329041      0.406795      0.406795      0.813590
     -0.300429      0.563867      0.563867      1.127734
     -0.271817      0.839913      0.839913      1.679826
     -0.243205      1.123085      1.123085      2.246170
     -0.214592      1.289140      1.289140      2.578279
     -0.185980      1.258945      1.258945      2.517890
     -0.157368      1.044206      1.044206      2.088411
     -0.128755      0.735366      0.735366      1.470733
     -0.100143      0.439765      0.439765      0.879530
     -0.071531      0.223794      0.223794      0.447588
     -0.042918      0.099022      0.099022      0.198044
     -0.014306      0.046040      0.046040      0.092080
      0.014306      0.045964      0.045964      0.091928
      0.042918      0.098979      0.098979      0.197958
      0.071531      0.225044      0.225044      0.450087
      0.100143      0.447632      0.447632      0.895263
      0.128755      0.767133      0.767133      1.534266
      0.157368      1.145034      1.145034      2.290067
      0.185980      1.524765      1.524765      3.049530
      0.214592      1.884286      1.884286      3.768573
      0.243205      2.270167      2.270167      4.540334
      0.271817      2.770445      2.770445      5.540889
      0.300429      3.457186      3.457186      6.914371
      0.329041      4.371295      4.371295      8.742590
      0.357654      5.549800      5.549800     11.099601
      0.386266      7.002624      7.002624     14.005248
      0.414878      8.600397      8.600397     17.200794
      0.443491     10.008174     10.008174     20.016348
      0.472103     10.842706     10.842706     21.685412
      0.500715     11.009115     11.009115     22.018231
      0.529328     10.911568     10.911568     21.823135
      0.557940     11.284113     11.284113     22.568226
      0.586552     12.770502     12.770502     25.541004
      0.615165     15.683045     15.683045     31.366091
      0.643777     20.198669     20.198669     40.397337
      0.672389     26.730182     26.730182     53.460364
      0.701001     35.914282     35.914282     71.828565
      0.729614     47.988563     47.988563     95.977127
      0.758226     62.019370     62.019370    124.038739
      0.786838     75.754491     75.754491    151.508981
      0.815451     86.399756     86.399756    172.799512
      0.844063     91.810617     91.810617    183.621234
      0.872675     91.304773     91.304773    182.609547
      0.901288     85.766033     85.766033    171.532067
      0.929900     77.269317     77.269317    154.538634
      0.958512     68.509273     68.509273    137.018547
      0.987124     62.072660     62.072660    124.145320
      1.015737     59.615759     59.615759    119.231517
      1.044349     61.323551     61.323551    122.647101
      1.072961     66.105377     66.105377    132.210754
      1.101574     72.475900     72.475900    144.951800
      1.130186     79.404473     79.404473    158.808946
      1.158798     86.419363     86.419363    172.838726
      1.187411     93.062410     93.062410    186.124820
      1.216023     98.465678     98.465678    196.931356
      1.244635    101.537456    101.537456    203.074911
      1.273247    101.485521    101.485521    202.971043
      1.301860     98.212982     98.212982    196.425963
      1.330472     92.487966     92.487966    184.975933
      1.359084     85.880766     85.880766    171.761531
      1.387697     80.237934     80.237934    160.475868
      1.416309     76.703779     76.703779    153.407558
      1.444921     74.990624     74.990624    149.981248
      1.473534     73.680288     73.680288    147.360576
      1.502146     71.410440     71.410440    142.820880
      1.530758     67.898543     67.898543    135.797086
      1.559371     63.951311     63.951311    127.902622
      1.587983     60.620035     60.620035    121.240071
      1.616595     58.358053     58.358053    116.716106
      1.645207     56.823750     56.823750    113.647501
      1.673820     55.291070     55.291070    110.582139
      1.702432     53.222096     53.222096    106.444193
      1.731044     50.627029     50.627029    101.254059
      1.759657     48.076241     48.076241     96.152482
      1.788269     46.403132     46.403132     92.806264
      1.816881     46.271281     46.271281     92.542561
      1.845494     47.852617     47.852617     95.705234
      1.874106     50.756652     50.756652    101.513304
      1.902718     54.148528     54.148528    108.297057
      1.931330     56.950381     56.950381    113.900761
      1.959943     58.149958     58.149958    116.299916
      1.988555     57.244235     57.244235    114.488470
      2.017167     54.596042     54.596042    109.192084
      2.045780     51.330237     51.330237    102.660475
      2.074392     48.699964     48.699964     97.399928
      2.103004     47.349299     47.349299     94.698598
      2.131617     46.995064     46.995064     93.990128
      2.160229     46.672530     46.672530     93.345059
      2.188841     45.312824     45.312824     90.625648
      2.217454     42.332667     42.332667     84.665334
      2.246066     37.984945     37.984945     75.969891
      2.274678     33.311970     33.311970     66.623940
      2.303290     29.700321     29.700321     59.400641
      2.331903     28.235324     28.235324     56.470647
      2.360515     29.168521     29.168521     58.337042
      2.389127     31.771678     31.771678     63.543357
      2.417740     34.683104     34.683104     69.366208
      2.446352     36.614254     36.614254     73.228508
      2.474964     37.048230     37.048230     74.096460
      2.503577     36.478126     36.478126     72.956251
      2.532189     35.978333     35.978333     71.956666
      2.560801     36.388244     36.388244     72.776488
      2.589413     37.697591     37.697591     75.395182
      2.618026     39.062608     39.062608     78.125216
      2.646638     39.416392     39.416392     78.832784
      2.675250     38.233663     38.233663     76.467326
      2.703863     35.924607     35.924607     71.849214
      2.732475     33.633716     33.633716     67.267431
      2.761087     32.681618     32.681618     65.363237
      2.789700     34.053458     34.053458     68.106915
      2.818312     38.070942     38.070942     76.141885
      2.846924     44.161265     44.161265     88.322531
      2.875536     50.830085     50.830085    101.660170
      2.904149     56.137536     56.137536    112.275073
      2.932761     58.603540     58.603540    117.207081
      2.961373     57.900945     57.900945    115.801890
      2.989986     54.793348     54.793348    109.586696
      3.018598     50.503856     50.503856    101.007713
      3.047210     46.128817     46.128817     92.257635
      3.075823     42.407692     42.407692     84.815384
      3.104435     39.701181     39.701181     79.402362
      3.133047     37.986931     37.986931     75.973862
      3.161660     36.901773     36.901773     73.803545
      3.190272     35.924435     35.924435     71.848870
      3.218884     34.646152     34.646152     69.292305
      3.247496     32.955622     32.955622     65.911245
      3.276109     31.015817     31.015817     62.031633
      3.304721     29.062461     29.062461     58.124923
      3.333333     27.170202     27.170202     54.340405
      3.361946     25.151934     25.151934     50.303869
      3.390558     22.681676     22.681676     45.363352
      3.419170     19.572905     19.572905     39.145810
      3.447783     15.986510     15.986510     31.973020
      3.476395     12.366871     12.366871     24.733743
      3.505007      9.159458      9.159458     18.318916
      3.533619      6.585919      6.585919     13.171839
      3.562232      4.666154      4.666154      9.332308
      3.590844      3.392501      3.392501      6.785002
      3.619456      2.826528      2.826528      5.653055
      3.648069      3.016962      3.016962      6.033924
      3.676681      3.835912      3.835912      7.671825
      3.705293      4.910684      4.910684      9.821368
      3.733906      5.755961      5.755961     11.511922
      3.762518      6.041158      6.041158     12.082316
      3.791130      5.787497      5.787497     11.574993
      3.819742      5.329436      5.329436     10.658871
      3.848355      5.079124      5.079124     10.158248
      3.876967      5.286193      5.286193     10.572386
      3.905579      5.943256      5.943256     11.886512
      3.934192      6.839486      6.839486     13.678971
      3.962804      7.673891      7.673891     15.347782
      3.991416      8.156737      8.156737     16.313474
      4.020029      8.092261      8.092261     16.184523
      4.048641      7.463337      7.463337     14.926674
      4.077253      6.495363      6.495363     12.990727
      4.105866      5.622823      5.622823     11.245646
      4.134478      5.311355      5.311355     10.622710
      4.163090      5.803988      5.803988     11.607975
      4.191702      6.952489      6.952489     13.904978
      4.220315      8.261810      8.261810     16.523621
      4.248927      9.134751      9.134751     18.269503
      4.277539      9.168936      9.168936     18.337871
      4.306152      8.328958      8.328958     16.657917
      4.334764      6.905647      6.905647     13.811294
      4.363376      5.315611      5.315611     10.631222
      4.391989      3.892699      3.892699      7.785398
      4.420601      2.807431      2.807431      5.614862
      4.449213      2.129306      2.129306      4.258613
      4.477825      1.923232      1.923232      3.846464
      4.506438      2.256812      2.256812      4.513624
      4.535050      3.098573      3.098573      6.197147
      4.563662      4.213831      4.213831      8.427661
      4.592275      5.201287      5.201287     10.402574
      4.620887      5.704229      5.704229     11.408458
      4.649499      5.649160      5.649160     11.298320
      4.678112      5.301821      5.301821     10.603641
      4.706724      5.084008      5.084008     10.168016
      4.735336      5.303605      5.303605     10.607211
      4.763948      5.986957      5.986957     11.973915
      4.792561      6.878262      6.878262     13.756523
      4.821173      7.569889      7.569889     15.139778
      4.849785      7.709786      7.709786     15.419573
      4.878398      7.202527      7.202527     14.405055
      4.907010      6.270479      6.270479     12.540958
      4.935622      5.301391      5.301391     10.602782
      4.964235      4.598297      4.598297      9.196594
      4.992847      4.255003      4.255003      8.510005
      5.021459      4.239722      4.239722      8.479444
      5.050072      4.538747      4.538747      9.077493
      5.078684      5.179427      5.179427     10.358854
      5.107296      6.133643      6.133643     12.267285
      5.135908      7.243131      7.243131     14.486261
      5.164521      8.254362      8.254362     16.508725
      5.193133      8.924507      8.924507     17.849014
      5.221745      9.122146      9.122146     18.244293
      5.250358      8.885139      8.885139     17.770278
      5.278970      8.426704      8.426704     16.853408
      5.307582      8.091094      8.091094     16.182188
      5.336195      8.273719      8.273719     16.547437
      5.364807      9.309559      9.309559     18.619118
      5.393419     11.309145     11.309145     22.618289
      5.422031     13.981327     13.981327     27.962653
      5.450644     16.614717     16.614717     33.229434
      5.479256     18.365842     18.365842     36.731683
      5.507868     18.717287     18.717287     37.434575
      5.536481     17.743158     17.743158     35.486316
      5.565093     15.992846     15.992846     31.985692
      5.593705     14.178453     14.178453     28.356906
      5.622318     12.953840     12.953840     25.907679
      5.650930     12.844293     12.844293     25.688586
      5.679542     14.178777     14.178777     28.357554
      5.708155     16.920653     16.920653     33.841307
      5.736767     20.498595     20.498595     40.997189
      5.765379     23.886989     23.886989     47.773978
      5.793991     26.070537     26.070537     52.141075
      5.822604     26.644854     26.644854     53.289708
      5.851216     26.036443     26.036443     52.072886
      5.879828     25.109802     25.109802     50.219605
      5.908441     24.555023     24.555023     49.110046
      5.937053     24.643158     24.643158     49.286316
      5.965665     25.428776     25.428776     50.857552
      5.994278     26.958457     26.958457     53.916913
      6.022890     29.178799     29.178799     58.357597
      6.051502     31.741746     31.741746     63.483493
      6.080114     34.051336     34.051336     68.102673
      6.108727     35.565543     35.565543     71.131086
      6.137339     36.068849     36.068849     72.137698
      6.165951     35.701848     35.701848     71.403696
      6.194564     34.793264     34.793264     69.586528
      6.223176     33.673365     33.673365     67.346729
      6.251788     32.585447     32.585447     65.170893
      6.280401     31.691875     31.691875     63.383751
      6.309013     31.112640     31.112640     62.225280
      6.337625     30.937613     30.937613     61.875226
      6.366237     31.187047     31.187047     62.374094
      6.394850     31.757945     31.757945     63.515890
      6.423462     32.438172     32.438172     64.876345
      6.452074     33.015432     33.015432     66.030864
      6.480687     33.404718     33.404718     66.809436
      6.509299     33.699265     33.699265     67.398530
      6.537911     34.110774     34.110774     68.221547
      6.566524     34.807467     34.807467     69.614935
      6.595136     35.705873     35.705873     71.411747
      6.623748     36.379874     36.379874     72.759749
      6.652361     36.275168     36.275168     72.550336
      6.680973     35.167180     35.167180     70.334361
      6.709585     33.455541     33.455541     66.911082
      6.738197     31.934038     31.934038     63.868076
      6.766810     31.203666     31.203666     62.407333
      6.795422     31.308179     31.308179     62.616358
      6.824034     31.927999     31.927999     63.855999
      6.852647     32.852880     32.852880     65.705760
      6.881259     34.194672     34.194672     68.389344
      6.909871     36.145536     36.145536     72.291072
      6.938484     38.587546     38.587546     77.175092
      6.967096     40.986345     40.986345     81.972690
      6.995708     42.693215     42.693215     85.386429
      7.024320     43.391501     43.391501     86.783002
      7.052933     43.314627     43.314627     86.629254
      7.081545     43.099215     43.099215     86.198429
      7.110157     43.459497     43.459497     86.918993
      7.138770     44.941193     44.941193     89.882387
      7.167382     47.808906     47.808906     95.617812
      7.195994     51.965632     51.965632    103.931265
      7.224607     56.892788     56.892788    113.785576
      7.253219     61.728797     61.728797    123.457594
      7.281831     65.534538     65.534538    131.069077
      7.310443     67.606801     67.606801    135.213601
      7.339056     67.637385     67.637385    135.274771
      7.367668     65.669466     65.669466    131.338932
      7.396280     62.024844     62.024844    124.049688
      7.424893     57.379595     57.379595    114.759190
      7.453505     52.865964     52.865964    105.731928
      7.482117     49.847847     49.847847     99.695695
      7.510730     49.274686     49.274686     98.549373
      7.539342     51.049059     51.049059    102.098119
      7.567954     53.987222     53.987222    107.974444
      7.596567     56.491772     56.491772    112.983544
      7.625179     57.456935     57.456935    114.913870
      7.653791     56.742755     56.742755    113.485511
      7.682403     54.942322     54.942322    109.884644
      7.711016     52.796072     52.796072    105.592145
      7.739628     50.846579     50.846579    101.693158
      7.768240     49.501101     49.501101     99.002203
      7.796853     49.144117     49.144117     98.288235
      7.825465     50.008148     50.008148    100.016296
      7.854077     51.964468     51.964468    103.928935
      7.882690     54.519523     54.519523    109.039047
      7.911302     57.009465     57.009465    114.018929
      7.939914     58.807893     58.807893    117.615786
      7.968526     59.496297     59.496297    118.992593
      7.997139     59.037259     59.037259    118.074518
      8.025751     57.849277     57.849277    115.698554
      8.054363     56.600567     56.600567    113.201135
      8.082976     55.769856     55.769856    111.539711
      8.111588     55.336662     55.336662    110.673324
      8.140200     54.919778     54.919778    109.839555
      8.168813     54.226945     54.226945    108.453890
      8.197425     53.322522     53.322522    106.645045
      8.226037     52.445520     52.445520    104.891040
      8.254649     51.661210     51.661210    103.322420
      8.283262     50.780004     50.780004    101.560007
      8.311874     49.569835     49.569835     99.139670
      8.340486     47.949374     47.949374     95.898747
      8.369099     45.995277     45.995277     91.990554
      8.397711     43.874973     43.874973     87.749946
      8.426323     41.813298     41.813298     83.626597
      8.454936     40.058416     40.058416     80.116831
      8.483548     38.812926     38.812926     77.625851
      8.512160     38.181108     38.181108     76.362216
      8.540773     38.179468     38.179468     76.358936
      8.569385     38.790273     38.790273     77.580545
      8.597997     40.001407     40.001407     80.002814
      8.626609     41.778584     41.778584     83.557167
      8.655222     43.962801     43.962801     87.925603
      8.683834     46.187063     46.187063     92.374126
      8.712446     47.960799     47.960799     95.921597
      8.741059     48.959253     48.959253     97.918507
      8.769671     49.346192     49.346192     98.692384
      8.798283     49.852625     49.852625     99.705250
      8.826896     51.456690     51.456690    102.913380
      8.855508     54.809365     54.809365    109.618730
      8.884120     59.791816     59.791816    119.583633
      8.912732     65.512347     65.512347    131.024694
      8.941345     70.710637     70.710637    141.421275
      8.969957     74.302646     74.302646    148.605293
      8.998569     75.829166     75.829166    151.658331
      9.027182     75.643216     75.643216    151.286432
      9.055794     74.698428     74.698428    149.396856
      9.084406     73.986025     73.986025    147.972050
      9.113019     73.968659     73.968659    147.937318
      9.141631     74.392955     74.392955    148.785910
      9.170243     74.540314     74.540314    149.080628
      9.198856     73.674547     73.674547    147.349094
      9.227468     71.438771     71.438771    142.877543
      9.256080     68.103675     68.103675    136.207351
      9.284692     64.624191     64.624191    129.248382
      9.313305     62.407434     62.407434    124.814868
      9.341917     62.743067     62.743067    125.486134
      9.370529     66.098850     66.098850    132.197700
      9.399142     71.694555     71.694555    143.389110
      9.427754     77.646826     77.646826    155.293652
      9.456366     81.627834     81.627834    163.255668
      9.484979     81.739242     81.739242    163.478485
      9.513591     77.266821     77.266821    154.533642
      9.542203     69.017845     69.017845    138.035691
      9.570815     59.051242     59.051242    118.102484
      9.599428     49.888101     49.888101     99.776203
      9.628040     43.598192     43.598192     87.196383
      9.656652     41.186185     41.186185     82.372370
      9.685265     42.434065     42.434065     84.868129
      9.713877     46.133205     46.133205     92.266411
      9.742489     50.623625     50.623625    101.247250
      9.771102     54.512605     54.512605    109.025210
      9.799714     57.246787     57.246787    114.493574
      9.828326     59.163271     59.163271    118.326541
      9.856938     60.974966     60.974966    121.949931
      9.885551     63.073119     63.073119    126.146238
      9.914163     65.139860     65.139860    130.279719
      9.942775     66.320304     66.320304    132.640608
      9.971388     65.853385     65.853385    131.706770
     10.000000     63.770562     63.770562    127.541124
