# EIG2DOS: Utility for SIESTA to obtain the electronic density of states
#  E. Artacho, Apr 1999, A. Garcia, Apr 2012
# ------------------------------------------
# Eigenvalues read from 3mos2-1graphene.EIG
# Using smearing parameter:   0.100
# Using    700 points in energy range
# Selected bands: 1 to: 2618
# Emin, emax in file for selected band(s):    -23.1794000    142.5461500
# Nbands, Nspin, Nk   =   2618     1    13
# E_F                 =    -5.0164 eV --> (shifted to ZERO)
# Broadening          =     0.1000 eV
#
#        E            N(up)  (=)   N(down)         Ntot
    -10.000000      2.334085      2.334085      4.668171
     -9.971388      1.804467      1.804467      3.608934
     -9.942775      1.665485      1.665485      3.330970
     -9.914163      1.850249      1.850249      3.700498
     -9.885551      2.257555      2.257555      4.515109
     -9.856938      2.831207      2.831207      5.662415
     -9.828326      3.548944      3.548944      7.097888
     -9.799714      4.344020      4.344020      8.688040
     -9.771102      5.055842      5.055842     10.111684
     -9.742489      5.472433      5.472433     10.944865
     -9.713877      5.430409      5.430409     10.860819
     -9.685265      4.894128      4.894128      9.788256
     -9.656652      3.972613      3.972613      7.945226
     -9.628040      2.878122      2.878122      5.756245
     -9.599428      1.846385      1.846385      3.692770
     -9.570815      1.054112      1.054112      2.108223
     -9.542203      0.583245      0.583245      1.166490
     -9.513591      0.455538      0.455538      0.911075
     -9.484979      0.702829      0.702829      1.405658
     -9.456366      1.401951      1.401951      2.803903
     -9.427754      2.621935      2.621935      5.243869
     -9.399142      4.298588      4.298588      8.597176
     -9.370529      6.131956      6.131956     12.263913
     -9.341917      7.626056      7.626056     15.252112
     -9.313305      8.300935      8.300935     16.601871
     -9.284692      7.955101      7.955101     15.910201
     -9.256080      6.787873      6.787873     13.575745
     -9.227468      5.288212      5.288212     10.576424
     -9.198856      3.973403      3.973403      7.946806
     -9.170243      3.158568      3.158568      6.317135
     -9.141631      2.883516      2.883516      5.767032
     -9.113019      2.985537      2.985537      5.971075
     -9.084406      3.221382      3.221382      6.442763
     -9.055794      3.373685      3.373685      6.747370
     -9.027182      3.345161      3.345161      6.690322
     -8.998569      3.232282      3.232282      6.464565
     -8.969957      3.305107      3.305107      6.610214
     -8.941345      3.837410      3.837410      7.674821
     -8.912732      4.868190      4.868190      9.736381
     -8.884120      6.094098      6.094098     12.188196
     -8.855508      7.033062      7.033062     14.066123
     -8.826896      7.367096      7.367096     14.734193
     -8.798283      7.175714      7.175714     14.351428
     -8.769671      6.839585      6.839585     13.679171
     -8.741059      6.696997      6.696997     13.393994
     -8.712446      6.769438      6.769438     13.538877
     -8.683834      6.796059      6.796059     13.592117
     -8.655222      6.514257      6.514257     13.028514
     -8.626609      5.898857      5.898857     11.797714
     -8.597997      5.145297      5.145297     10.290593
     -8.569385      4.470299      4.470299      8.940597
     -8.540773      3.981221      3.981221      7.962442
     -8.512160      3.730013      3.730013      7.460027
     -8.483548      3.808173      3.808173      7.616346
     -8.454936      4.297975      4.297975      8.595949
     -8.426323      5.114348      5.114348     10.228696
     -8.397711      5.949645      5.949645     11.899290
     -8.369099      6.431737      6.431737     12.863475
     -8.340486      6.355327      6.355327     12.710654
     -8.311874      5.771035      5.771035     11.542069
     -8.283262      4.901133      4.901133      9.802266
     -8.254649      4.029698      4.029698      8.059395
     -8.226037      3.461462      3.461462      6.922925
     -8.197425      3.481492      3.481492      6.962984
     -8.168813      4.228804      4.228804      8.457608
     -8.140200      5.540741      5.540741     11.081483
     -8.111588      6.939620      6.939620     13.879239
     -8.082976      7.867743      7.867743     15.735487
     -8.054363      8.056480      8.056480     16.112960
     -8.025751      7.731694      7.731694     15.463388
     -7.997139      7.431474      7.431474     14.862948
     -7.968526      7.543512      7.543512     15.087024
     -7.939914      7.956853      7.956853     15.913706
     -7.911302      8.148562      8.148562     16.297123
     -7.882690      7.629475      7.629475     15.258950
     -7.854077      6.347591      6.347591     12.695183
     -7.825465      4.719293      4.719293      9.438586
     -7.796853      3.321139      3.321139      6.642277
     -7.768240      2.533878      2.533878      5.067757
     -7.739628      2.380771      2.380771      4.761542
     -7.711016      2.601670      2.601670      5.203340
     -7.682403      2.870620      2.870620      5.741239
     -7.653791      3.023355      3.023355      6.046711
     -7.625179      3.159402      3.159402      6.318803
     -7.596567      3.546540      3.546540      7.093080
     -7.567954      4.396260      4.396260      8.792520
     -7.539342      5.686991      5.686991     11.373981
     -7.510730      7.165982      7.165982     14.331963
     -7.482117      8.499419      8.499419     16.998838
     -7.453505      9.431157      9.431157     18.862314
     -7.424893      9.849854      9.849854     19.699708
     -7.396280      9.771642      9.771642     19.543285
     -7.367668      9.290934      9.290934     18.581867
     -7.339056      8.527244      8.527244     17.054487
     -7.310443      7.577811      7.577811     15.155622
     -7.281831      6.495330      6.495330     12.990660
     -7.253219      5.308805      5.308805     10.617609
     -7.224607      4.077162      4.077162      8.154324
     -7.195994      2.934283      2.934283      5.868566
     -7.167382      2.084834      2.084834      4.169667
     -7.138770      1.747438      1.747438      3.494875
     -7.110157      2.072979      2.072979      4.145959
     -7.081545      3.064685      3.064685      6.129371
     -7.052933      4.530789      4.530789      9.061577
     -7.024320      6.124383      6.124383     12.248767
     -6.995708      7.493521      7.493521     14.987043
     -6.967096      8.449713      8.449713     16.899427
     -6.938484      9.004674      9.004674     18.009347
     -6.909871      9.250450      9.250450     18.500900
     -6.881259      9.237623      9.237623     18.475246
     -6.852647      8.993778      8.993778     17.987557
     -6.824034      8.624757      8.624757     17.249513
     -6.795422      8.325430      8.325430     16.650859
     -6.766810      8.248297      8.248297     16.496594
     -6.738197      8.368911      8.368911     16.737821
     -6.709585      8.505005      8.505005     17.010011
     -6.680973      8.479224      8.479224     16.958448
     -6.652361      8.264519      8.264519     16.529038
     -6.623748      7.986496      7.986496     15.972992
     -6.595136      7.823607      7.823607     15.647213
     -6.566524      7.929982      7.929982     15.859964
     -6.537911      8.423075      8.423075     16.846149
     -6.509299      9.386796      9.386796     18.773592
     -6.480687     10.862285     10.862285     21.724569
     -6.452074     12.835423     12.835423     25.670847
     -6.423462     15.206726     15.206726     30.413451
     -6.394850     17.747561     17.747561     35.495122
     -6.366237     20.129184     20.129184     40.258369
     -6.337625     22.080343     22.080343     44.160685
     -6.309013     23.554501     23.554501     47.109003
     -6.280401     24.738551     24.738551     49.477103
     -6.251788     25.932105     25.932105     51.864209
     -6.223176     27.468234     27.468234     54.936468
     -6.194564     29.701263     29.701263     59.402527
     -6.165951     32.916149     32.916149     65.832297
     -6.137339     37.125990     37.125990     74.251980
     -6.108727     41.948819     41.948819     83.897638
     -6.080114     46.746049     46.746049     93.492097
     -6.051502     50.975171     50.975171    101.950342
     -6.022890     54.522445     54.522445    109.044890
     -5.994278     57.776932     57.776932    115.553864
     -5.965665     61.374396     61.374396    122.748793
     -5.937053     65.787824     65.787824    131.575648
     -5.908441     71.047944     71.047944    142.095889
     -5.879828     76.700085     76.700085    153.400171
     -5.851216     81.895983     81.895983    163.791966
     -5.822604     85.599521     85.599521    171.199042
     -5.793991     87.034868     87.034868    174.069737
     -5.765379     86.273746     86.273746    172.547491
     -5.736767     84.442193     84.442193    168.884385
     -5.708155     83.135894     83.135894    166.271789
     -5.679542     83.367717     83.367717    166.735435
     -5.650930     84.918265     84.918265    169.836531
     -5.622318     86.647712     86.647712    173.295424
     -5.593705     87.466668     87.466668    174.933335
     -5.565093     87.114146     87.114146    174.228292
     -5.536481     86.140708     86.140708    172.281416
     -5.507868     85.271317     85.271317    170.542634
     -5.479256     84.849404     84.849404    169.698809
     -5.450644     84.806304     84.806304    169.612608
     -5.422031     84.920296     84.920296    169.840593
     -5.393419     84.894361     84.894361    169.788722
     -5.364807     84.213813     84.213813    168.427626
     -5.336195     82.162795     82.162795    164.325589
     -5.307582     78.216571     78.216571    156.433142
     -5.278970     72.544868     72.544868    145.089736
     -5.250358     66.146303     66.146303    132.292606
     -5.221745     60.384140     60.384140    120.768280
     -5.193133     56.181411     56.181411    112.362822
     -5.164521     53.471952     53.471952    106.943905
     -5.135908     51.358703     51.358703    102.717406
     -5.107296     48.841042     48.841042     97.682084
     -5.078684     45.489819     45.489819     90.979637
     -5.050072     41.583307     41.583307     83.166615
     -5.021459     37.777132     37.777132     75.554265
     -4.992847     34.719609     34.719609     69.439219
     -4.964235     32.879597     32.879597     65.759195
     -4.935622     32.557246     32.557246     65.114492
     -4.907010     33.942145     33.942145     67.884290
     -4.878398     37.135901     37.135901     74.271802
     -4.849785     42.100781     42.100781     84.201562
     -4.821173     48.533250     48.533250     97.066500
     -4.792561     55.754704     55.754704    111.509409
     -4.763948     62.780397     62.780397    125.560794
     -4.735336     68.635597     68.635597    137.271193
     -4.706724     72.778406     72.778406    145.556813
     -4.678112     75.366011     75.366011    150.732022
     -4.649499     77.176146     77.176146    154.352293
     -4.620887     79.179724     79.179724    158.359449
     -4.592275     81.946000     81.946000    163.891999
     -4.563662     85.214657     85.214657    170.429315
     -4.535050     87.980727     87.980727    175.961455
     -4.506438     89.156936     89.156936    178.313872
     -4.477825     88.416613     88.416613    176.833225
     -4.449213     86.580423     86.580423    173.160846
     -4.420601     85.181832     85.181832    170.363663
     -4.391989     85.473767     85.473767    170.947533
     -4.363376     87.596328     87.596328    175.192655
     -4.334764     90.482553     90.482553    180.965106
     -4.306152     92.486393     92.486393    184.972785
     -4.277539     92.260199     92.260199    184.520399
     -4.248927     89.409517     89.409517    178.819033
     -4.220315     84.690361     84.690361    169.380722
     -4.191702     79.704737     79.704737    159.409475
     -4.163090     76.207008     76.207008    152.414017
     -4.134478     75.313859     75.313859    150.627718
     -4.105866     76.987497     76.987497    153.974993
     -4.077253     80.051188     80.051188    160.102376
     -4.048641     82.783362     82.783362    165.566724
     -4.020029     83.862337     83.862337    167.724674
     -3.991416     83.135171     83.135171    166.270341
     -3.962804     81.655175     81.655175    163.310351
     -3.934192     80.917154     80.917154    161.834308
     -3.905579     81.849898     81.849898    163.699797
     -3.876967     84.255262     84.255262    168.510524
     -3.848355     86.961929     86.961929    173.923857
     -3.819742     88.513598     88.513598    177.027195
     -3.791130     88.026295     88.026295    176.052590
     -3.762518     85.796844     85.796844    171.593687
     -3.733906     83.291844     83.291844    166.583687
     -3.705293     82.435987     82.435987    164.871975
     -3.676681     84.540851     84.540851    169.081701
     -3.648069     89.447896     89.447896    178.895792
     -3.619456     95.386427     95.386427    190.772854
     -3.590844     99.731035     99.731035    199.462070
     -3.562232    100.319666    100.319666    200.639331
     -3.533619     96.523751     96.523751    193.047502
     -3.505007     89.373466     89.373466    178.746931
     -3.476395     80.792831     80.792831    161.585662
     -3.447783     72.634859     72.634859    145.269718
     -3.419170     66.090775     66.090775    132.181550
     -3.390558     61.530551     61.530551    123.061103
     -3.361946     58.627502     58.627502    117.255004
     -3.333333     56.727124     56.727124    113.454248
     -3.304721     55.346182     55.346182    110.692365
     -3.276109     54.444297     54.444297    108.888595
     -3.247496     54.207014     54.207014    108.414028
     -3.218884     54.578719     54.578719    109.157437
     -3.190272     55.083780     55.083780    110.167560
     -3.161660     55.166933     55.166933    110.333866
     -3.133047     54.717248     54.717248    109.434496
     -3.104435     54.241284     54.241284    108.482568
     -3.075823     54.490254     54.490254    108.980507
     -3.047210     55.843032     55.843032    111.686064
     -3.018598     57.946285     57.946285    115.892570
     -2.989986     59.890402     59.890402    119.780804
     -2.961373     60.773468     60.773468    121.546936
     -2.932761     60.224305     60.224305    120.448609
     -2.904149     58.550732     58.550732    117.101464
     -2.875536     56.539514     56.539514    113.079028
     -2.846924     55.158378     55.158378    110.316756
     -2.818312     55.282395     55.282395    110.564790
     -2.789700     57.382287     57.382287    114.764575
     -2.761087     61.234901     61.234901    122.469801
     -2.732475     65.954305     65.954305    131.908610
     -2.703863     70.500511     70.500511    141.001022
     -2.675250     74.326917     74.326917    148.653834
     -2.646638     77.593323     77.593323    155.186646
     -2.618026     80.751422     80.751422    161.502844
     -2.589413     83.902195     83.902195    167.804389
     -2.560801     86.514753     86.514753    173.029505
     -2.532189     87.754064     87.754064    175.508129
     -2.503577     87.140161     87.140161    174.280322
     -2.474964     84.979299     84.979299    169.958597
     -2.446352     82.199916     82.199916    164.399832
     -2.417740     79.753944     79.753944    159.507889
     -2.389127     78.108530     78.108530    156.217060
     -2.360515     77.189935     77.189935    154.379870
     -2.331903     76.684963     76.684963    153.369926
     -2.303290     76.362302     76.362302    152.724603
     -2.274678     76.184153     76.184153    152.368305
     -2.246066     76.202758     76.202758    152.405516
     -2.217454     76.379657     76.379657    152.759314
     -2.188841     76.488570     76.488570    152.977139
     -2.160229     76.190861     76.190861    152.381722
     -2.131617     75.259836     75.259836    150.519672
     -2.103004     73.817297     73.817297    147.634594
     -2.074392     72.363471     72.363471    144.726942
     -2.045780     71.441898     71.441898    142.883796
     -2.017167     71.078091     71.078091    142.156182
     -1.988555     70.467886     70.467886    140.935771
     -1.959943     68.357770     68.357770    136.715540
     -1.931330     64.031115     64.031115    128.062230
     -1.902718     58.201485     58.201485    116.402971
     -1.874106     52.994491     52.994491    105.988983
     -1.845494     50.791624     50.791624    101.583247
     -1.816881     52.649203     52.649203    105.298406
     -1.788269     57.510809     57.510809    115.021617
     -1.759657     62.914613     62.914613    125.829226
     -1.731044     66.679778     66.679778    133.359556
     -1.702432     68.243856     68.243856    136.487711
     -1.673820     68.680060     68.680060    137.360121
     -1.645207     69.557832     69.557832    139.115665
     -1.616595     71.666759     71.666759    143.333518
     -1.587983     74.559168     74.559168    149.118337
     -1.559371     77.089586     77.089586    154.179172
     -1.530758     78.347089     78.347089    156.694178
     -1.502146     78.203899     78.203899    156.407799
     -1.473534     77.196448     77.196448    154.392897
     -1.444921     76.048161     76.048161    152.096321
     -1.416309     75.251505     75.251505    150.503009
     -1.387697     74.848783     74.848783    149.697567
     -1.359084     74.409003     74.409003    148.818005
     -1.330472     73.261241     73.261241    146.522482
     -1.301860     70.935196     70.935196    141.870391
     -1.273247     67.482724     67.482724    134.965447
     -1.244635     63.379794     63.379794    126.759588
     -1.216023     59.140060     59.140060    118.280120
     -1.187411     55.075991     55.075991    110.151982
     -1.158798     51.402561     51.402561    102.805123
     -1.130186     48.404316     48.404316     96.808632
     -1.101574     46.317499     46.317499     92.634998
     -1.072961     45.014303     45.014303     90.028606
     -1.044349     43.920728     43.920728     87.841455
     -1.015737     42.356260     42.356260     84.712519
     -0.987124     39.959024     39.959024     79.918048
     -0.958512     36.773116     36.773116     73.546232
     -0.929900     33.035103     33.035103     66.070206
     -0.901288     29.025305     29.025305     58.050610
     -0.872675     25.098817     25.098817     50.197635
     -0.844063     21.647116     21.647116     43.294232
     -0.815451     18.871089     18.871089     37.742177
     -0.786838     16.636083     16.636083     33.272166
     -0.758226     14.660891     14.660891     29.321782
     -0.729614     12.853235     12.853235     25.706469
     -0.701001     11.392940     11.392940     22.785880
     -0.672389     10.480442     10.480442     20.960884
     -0.643777     10.060103     10.060103     20.120207
     -0.615165      9.809270      9.809270     19.618541
     -0.586552      9.367103      9.367103     18.734207
     -0.557940      8.571634      8.571634     17.143268
     -0.529328      7.526293      7.526293     15.052585
     -0.500715      6.485543      6.485543     12.971087
     -0.472103      5.674672      5.674672     11.349344
     -0.443491      5.172853      5.172853     10.345705
     -0.414878      4.904853      4.904853      9.809705
     -0.386266      4.699854      4.699854      9.399709
     -0.357654      4.369717      4.369717      8.739434
     -0.329041      3.793200      3.793200      7.586401
     -0.300429      2.982188      2.982188      5.964376
     -0.271817      2.078087      2.078087      4.156174
     -0.243205      1.265297      1.265297      2.530595
     -0.214592      0.667150      0.667150      1.334301
     -0.185980      0.302964      0.302964      0.605928
     -0.157368      0.118112      0.118112      0.236223
     -0.128755      0.039456      0.039456      0.078912
     -0.100143      0.011282      0.011282      0.022564
     -0.071531      0.002760      0.002760      0.005519
     -0.042918      0.000579      0.000579      0.001158
     -0.014306      0.000118      0.000118      0.000237
      0.014306      0.000112      0.000112      0.000224
      0.042918      0.000519      0.000519      0.001038
      0.071531      0.002364      0.002364      0.004727
      0.100143      0.009170      0.009170      0.018340
      0.128755      0.030209      0.030209      0.060418
      0.157368      0.084514      0.084514      0.169027
      0.185980      0.200852      0.200852      0.401703
      0.214592      0.405829      0.405829      0.811658
      0.243205      0.698515      0.698515      1.397030
      0.271817      1.028841      1.028841      2.057682
      0.300429      1.310451      1.310451      2.620901
      0.329041      1.477423      1.477423      2.954847
      0.357654      1.544766      1.544766      3.089532
      0.386266      1.613187      1.613187      3.226373
      0.414878      1.808902      1.808902      3.617804
      0.443491      2.216063      2.216063      4.432126
      0.472103      2.855011      2.855011      5.710023
      0.500715      3.691414      3.691414      7.382827
      0.529328      4.632019      4.632019      9.264038
      0.557940      5.517855      5.517855     11.035710
      0.586552      6.176407      6.176407     12.352814
      0.615165      6.546564      6.546564     13.093128
      0.643777      6.787498      6.787498     13.574996
      0.672389      7.255368      7.255368     14.510735
      0.701001      8.337370      8.337370     16.674740
      0.729614     10.286445     10.286445     20.572889
      0.758226     13.236953     13.236953     26.473906
      0.786838     17.407928     17.407928     34.815857
      0.815451     23.241006     23.241006     46.482012
      0.844063     31.168659     31.168659     62.337317
      0.872675     41.024577     41.024577     82.049155
      0.901288     51.568301     51.568301    103.136602
      0.929900     60.724886     60.724886    121.449773
      0.958512     66.657598     66.657598    133.315197
      0.987124     68.996876     68.996876    137.993753
      1.015737     69.205394     69.205394    138.410788
      1.044349     69.647726     69.647726    139.295451
      1.072961     71.996229     71.996229    143.992459
      1.101574     76.160434     76.160434    152.320867
      1.130186     80.526807     80.526807    161.053615
      1.158798     83.323478     83.323478    166.646956
      1.187411     84.085121     84.085121    168.170242
      1.216023     84.111687     84.111687    168.223374
      1.244635     85.652387     85.652387    171.304775
      1.273247     90.569052     90.569052    181.138104
      1.301860     99.401015     99.401015    198.802030
      1.330472    111.091643    111.091643    222.183287
      1.359084    123.190804    123.190804    246.381608
      1.387697    132.527705    132.527705    265.055410
      1.416309    136.395879    136.395879    272.791757
      1.444921    133.787822    133.787822    267.575644
      1.473534    125.902432    125.902432    251.804864
      1.502146    115.612955    115.612955    231.225910
      1.530758    106.278016    106.278016    212.556033
      1.559371    100.506671    100.506671    201.013341
      1.587983     99.334768     99.334768    198.669535
      1.616595    102.046990    102.046990    204.093981
      1.645207    106.624757    106.624757    213.249515
      1.673820    110.595150    110.595150    221.190300
      1.702432    112.012400    112.012400    224.024800
      1.731044    110.256114    110.256114    220.512228
      1.759657    106.209157    106.209157    212.418315
      1.788269    101.559857    101.559857    203.119714
      1.816881     97.616912     97.616912    195.233824
      1.845494     94.522396     94.522396    189.044791
      1.874106     91.463700     91.463700    182.927399
      1.902718     87.645936     87.645936    175.291872
      1.931330     83.178480     83.178480    166.356959
      1.959943     79.138554     79.138554    158.277108
      1.988555     76.758765     76.758765    153.517530
      2.017167     76.393548     76.393548    152.787097
      2.045780     77.092960     77.092960    154.185919
      2.074392     77.118863     77.118863    154.237726
      2.103004     75.025390     75.025390    150.050780
      2.131617     70.577973     70.577973    141.155946
      2.160229     64.954770     64.954770    129.909541
      2.188841     60.118430     60.118430    120.236860
      2.217454     57.715165     57.715165    115.430330
      2.246066     58.144681     58.144681    116.289361
      2.274678     60.350438     60.350438    120.700876
      2.303290     62.442606     62.442606    124.885212
      2.331903     62.780300     62.780300    125.560600
      2.360515     60.874285     60.874285    121.748570
      2.389127     57.571771     57.571771    115.143542
      2.417740     54.447220     54.447220    108.894440
      2.446352     52.841125     52.841125    105.682251
      2.474964     53.145984     53.145984    106.291969
      2.503577     54.685852     54.685852    109.371703
      2.532189     56.169662     56.169662    112.339324
      2.560801     56.431733     56.431733    112.863465
      2.589413     55.053163     55.053163    110.106327
      2.618026     52.535776     52.535776    105.071552
      2.646638     49.958384     49.958384     99.916768
      2.675250     48.320541     48.320541     96.641082
      2.703863     47.941237     47.941237     95.882473
      2.732475     48.290887     48.290887     96.581773
      2.761087     48.408587     48.408587     96.817175
      2.789700     47.616943     47.616943     95.233886
      2.818312     45.979996     45.979996     91.959991
      2.846924     44.206408     44.206408     88.412815
      2.875536     43.198081     43.198081     86.396162
      2.904149     43.606737     43.606737     87.213474
      2.932761     45.553237     45.553237     91.106473
      2.961373     48.528648     48.528648     97.057295
      2.989986     51.562083     51.562083    103.124167
      3.018598     53.703437     53.703437    107.406874
      3.047210     54.607500     54.607500    109.215000
      3.075823     54.796941     54.796941    109.593882
      3.104435     55.306182     55.306182    110.612364
      3.133047     56.861440     56.861440    113.722881
      3.161660     59.219496     59.219496    118.438992
      3.190272     61.275172     61.275172    122.550344
      3.218884     61.892737     61.892737    123.785474
      3.247496     60.728145     60.728145    121.456290
      3.276109     58.373153     58.373153    116.746306
      3.304721     55.864729     55.864729    111.729457
      3.333333     54.087043     54.087043    108.174086
      3.361946     53.414852     53.414852    106.829704
      3.390558     53.587542     53.587542    107.175084
      3.419170     53.783471     53.783471    107.566942
      3.447783     52.989935     52.989935    105.979870
      3.476395     50.592435     50.592435    101.184870
      3.505007     46.765316     46.765316     93.530632
      3.533619     42.283896     42.283896     84.567791
      3.562232     37.909403     37.909403     75.818807
      3.590844     33.933242     33.933242     67.866484
      3.619456     30.255771     30.255771     60.511543
      3.648069     26.766038     26.766038     53.532076
      3.676681     23.536042     23.536042     47.072085
      3.705293     20.697825     20.697825     41.395650
      3.733906     18.283973     18.283973     36.567946
      3.762518     16.255459     16.255459     32.510918
      3.791130     14.604310     14.604310     29.208620
      3.819742     13.323212     13.323212     26.646424
      3.848355     12.271993     12.271993     24.543986
      3.876967     11.159548     11.159548     22.319096
      3.905579      9.734582      9.734582     19.469164
      3.934192      8.022241      8.022241     16.044483
      3.962804      6.375320      6.375320     12.750639
      3.991416      5.275319      5.275319     10.550638
      4.020029      5.021395      5.021395     10.042790
      4.048641      5.520496      5.520496     11.040992
      4.077253      6.320322      6.320322     12.640644
      4.105866      6.861890      6.861890     13.723780
      4.134478      6.772433      6.772433     13.544866
      4.163090      6.004415      6.004415     12.008829
      4.191702      4.773540      4.773540      9.547080
      4.220315      3.399748      3.399748      6.799497
      4.248927      2.170162      2.170162      4.340324
      4.277539      1.269855      1.269855      2.539710
      4.306152      0.775495      0.775495      1.550991
      4.334764      0.688416      0.688416      1.376833
      4.363376      0.966413      0.966413      1.932826
      4.391989      1.519822      1.519822      3.039645
      4.420601      2.189014      2.189014      4.378028
      4.449213      2.763861      2.763861      5.527722
      4.477825      3.069206      3.069206      6.138413
      4.506438      3.052180      3.052180      6.104360
      4.535050      2.787333      2.787333      5.574667
      4.563662      2.405829      2.405829      4.811658
      4.592275      2.034732      2.034732      4.069464
      4.620887      1.789728      1.789728      3.579457
      4.649499      1.770571      1.770571      3.541141
      4.678112      2.008080      2.008080      4.016160
      4.706724      2.405791      2.405791      4.811581
      4.735336      2.770560      2.770560      5.541121
      4.763948      2.948008      2.948008      5.896015
      4.792561      2.949327      2.949327      5.898654
      4.821173      2.936319      2.936319      5.872639
      4.849785      3.069119      3.069119      6.138238
      4.878398      3.367393      3.367393      6.734787
      4.907010      3.712674      3.712674      7.425348
      4.935622      3.955375      3.955375      7.910751
      4.964235      3.994491      3.994491      7.988981
      4.992847      3.779078      3.779078      7.558156
      5.021459      3.298293      3.298293      6.596587
      5.050072      2.610110      2.610110      5.220220
      5.078684      1.861866      1.861866      3.723732
      5.107296      1.245994      1.245994      2.491988
      5.135908      0.918753      0.918753      1.837506
      5.164521      0.953204      0.953204      1.906409
      5.193133      1.352045      1.352045      2.704090
      5.221745      2.088254      2.088254      4.176507
      5.250358      3.126296      3.126296      6.252592
      5.278970      4.394996      4.394996      8.789991
      5.307582      5.730595      5.730595     11.461190
      5.336195      6.866369      6.866369     13.732738
      5.364807      7.534367      7.534367     15.068733
      5.393419      7.633529      7.633529     15.267059
      5.422031      7.328661      7.328661     14.657322
      5.450644      7.000072      7.000072     14.000144
      5.479256      7.088400      7.088400     14.176799
      5.507868      7.917557      7.917557     15.835114
      5.536481      9.541797      9.541797     19.083594
      5.565093     11.668243     11.668243     23.336485
      5.593705     13.736767     13.736767     27.473534
      5.622318     15.167593     15.167593     30.335185
      5.650930     15.633551     15.633551     31.267101
      5.679542     15.171318     15.171318     30.342635
      5.708155     14.093852     14.093852     28.187704
      5.736767     12.838492     12.838492     25.676983
      5.765379     11.894063     11.894063     23.788125
      5.793991     11.806963     11.806963     23.613927
      5.822604     13.129891     13.129891     26.259783
      5.851216     16.192967     16.192967     32.385933
      5.879828     20.768473     20.768473     41.536946
      5.908441     25.911998     25.911998     51.823995
      5.937053     30.237241     30.237241     60.474482
      5.965665     32.546460     32.546460     65.092920
      5.994278     32.398971     32.398971     64.797941
      6.022890     30.238475     30.238475     60.476950
      6.051502     27.079443     27.079443     54.158886
      6.080114     24.056468     24.056468     48.112935
      6.108727     22.099185     22.099185     44.198371
      6.137339     21.760061     21.760061     43.520122
      6.165951     23.106717     23.106717     46.213434
      6.194564     25.685049     25.685049     51.370099
      6.223176     28.661011     28.661011     57.322022
      6.251788     31.160910     31.160910     62.321820
      6.280401     32.633111     32.633111     65.266222
      6.309013     32.991009     32.991009     65.982019
      6.337625     32.473009     32.473009     64.946017
      6.366237     31.413998     31.413998     62.827995
      6.394850     30.174553     30.174553     60.349106
      6.423462     29.216298     29.216298     58.432596
      6.452074     29.054349     29.054349     58.108698
      6.480687     29.953327     29.953327     59.906654
      6.509299     31.635411     31.635411     63.270822
      6.537911     33.370981     33.370981     66.741961
      6.566524     34.427290     34.427290     68.854581
      6.595136     34.465815     34.465815     68.931630
      6.623748     33.598680     33.598680     67.197360
      6.652361     32.218806     32.218806     64.437612
      6.680973     30.849843     30.849843     61.699686
      6.709585     30.043618     30.043618     60.087236
      6.738197     30.199964     30.199964     60.399928
      6.766810     31.323126     31.323126     62.646252
      6.795422     32.912277     32.912277     65.824554
      6.824034     34.122213     34.122213     68.244426
      6.852647     34.117617     34.117617     68.235234
      6.881259     32.457970     32.457970     64.915940
      6.909871     29.399319     29.399319     58.798638
      6.938484     25.983600     25.983600     51.967200
      6.967096     23.740321     23.740321     47.480643
      6.995708     23.995445     23.995445     47.990889
      7.024320     27.135152     27.135152     54.270304
      7.052933     32.327739     32.327739     64.655478
      7.081545     37.937610     37.937610     75.875220
      7.110157     42.382530     42.382530     84.765061
      7.138770     44.886435     44.886435     89.772869
      7.167382     45.678915     45.678915     91.357830
      7.195994     45.591338     45.591338     91.182677
      7.224607     45.405244     45.405244     90.810487
      7.253219     45.433596     45.433596     90.867192
      7.281831     45.561858     45.561858     91.123717
      7.310443     45.563322     45.563322     91.126644
      7.339056     45.335406     45.335406     90.670813
      7.367668     44.914343     44.914343     89.828686
      7.396280     44.389669     44.389669     88.779338
      7.424893     43.856637     43.856637     87.713273
      7.453505     43.435132     43.435132     86.870263
      7.482117     43.335496     43.335496     86.670991
      7.510730     43.882960     43.882960     87.765920
      7.539342     45.340322     45.340322     90.680643
      7.567954     47.566692     47.566692     95.133385
      7.596567     49.906564     49.906564     99.813127
      7.625179     51.599898     51.599898    103.199797
      7.653791     52.370701     52.370701    104.741402
      7.682403     52.550027     52.550027    105.100054
      7.711016     52.618566     52.618566    105.237131
      7.739628     52.709898     52.709898    105.419796
      7.768240     52.578873     52.578873    105.157746
      7.796853     51.996913     51.996913    103.993825
      7.825465     51.164669     51.164669    102.329337
      7.854077     50.784617     50.784617    101.569235
      7.882690     51.736938     51.736938    103.473877
      7.911302     54.590945     54.590945    109.181889
      7.939914     59.251100     59.251100    118.502199
      7.968526     64.888023     64.888023    129.776047
      7.997139     70.167923     70.167923    140.335846
      8.025751     73.749571     73.749571    147.499142
      8.054363     74.890677     74.890677    149.781353
      8.082976     73.792513     73.792513    147.585025
      8.111588     71.359226     71.359226    142.718453
      8.140200     68.520271     68.520271    137.040542
      8.168813     65.710005     65.710005    131.420010
      8.197425     62.938638     62.938638    125.877276
      8.226037     60.247087     60.247087    120.494173
      8.254649     57.974605     57.974605    115.949210
      8.283262     56.594832     56.594832    113.189663
      8.311874     56.409202     56.409202    112.818403
      8.340486     57.429341     57.429341    114.858683
      8.369099     59.397718     59.397718    118.795435
      8.397711     61.756832     61.756832    123.513664
      8.426323     63.674669     63.674669    127.349337
      8.454936     64.388059     64.388059    128.776119
      8.483548     63.754603     63.754603    127.509207
      8.512160     62.477519     62.477519    124.955037
      8.540773     61.631744     61.631744    123.263488
      8.569385     61.790246     61.790246    123.580492
      8.597997     62.508252     62.508252    125.016503
      8.626609     62.637958     62.637958    125.275915
      8.655222     61.168396     61.168396    122.336791
      8.683834     57.831951     57.831951    115.663903
      8.712446     53.072350     53.072350    106.144699
      8.741059     47.663274     47.663274     95.326549
      8.769671     42.461111     42.461111     84.922223
      8.798283     38.354015     38.354015     76.708029
      8.826896     36.117508     36.117508     72.235016
      8.855508     36.067755     36.067755     72.135510
      8.884120     37.800001     37.800001     75.600003
      8.912732     40.373514     40.373514     80.747027
      8.941345     42.948472     42.948472     85.896943
      8.969957     45.419851     45.419851     90.839701
      8.998569     48.473835     48.473835     96.947670
      9.027182     52.929506     52.929506    105.859012
      9.055794     58.897273     58.897273    117.794546
      9.084406     65.500583     65.500583    131.001166
      9.113019     71.381815     71.381815    142.763629
      9.141631     75.492191     75.492191    150.984382
      9.170243     77.524740     77.524740    155.049481
      9.198856     77.843093     77.843093    155.686187
      9.227468     77.206326     77.206326    154.412651
      9.256080     76.524282     76.524282    153.048564
      9.284692     76.590372     76.590372    153.180745
      9.313305     77.724591     77.724591    155.449183
      9.341917     79.512614     79.512614    159.025228
      9.370529     80.939461     80.939461    161.878922
      9.399142     80.964574     80.964574    161.929149
      9.427754     79.202423     79.202423    158.404846
      9.456366     76.246505     76.246505    152.493011
      9.484979     73.402919     73.402919    146.805839
      9.513591     71.970922     71.970922    143.941844
      9.542203     72.490220     72.490220    144.980441
      9.570815     74.415161     74.415161    148.830321
      9.599428     76.414563     76.414563    152.829125
      9.628040     77.115482     77.115482    154.230964
      9.656652     75.898611     75.898611    151.797221
      9.685265     73.326253     73.326253    146.652506
      9.713877     70.846124     70.846124    141.692247
      9.742489     69.769248     69.769248    139.538496
      9.771102     70.220458     70.220458    140.440916
      9.799714     71.077080     71.077080    142.154159
      9.828326     71.121367     71.121367    142.242733
      9.856938     70.355167     70.355167    140.710333
      9.885551     70.145649     70.145649    140.291297
      9.914163     71.993067     71.993067    143.986134
      9.942775     76.016352     76.016352    152.032703
      9.971388     80.465266     80.465266    160.930532
     10.000000     82.671607     82.671607    165.343213
