# EIG2DOS: Utility for SIESTA to obtain the electronic density of states
#  E. Artacho, Apr 1999, A. Garcia, Apr 2012
# ------------------------------------------
# Eigenvalues read from 2mos2-3graphene.EIG
# Using smearing parameter:   0.100
# Using    700 points in energy range
# Selected bands: 1 to: 3262
# Emin, emax in file for selected band(s):    -23.4801400    159.4499100
# Nbands, Nspin, Nk   =   3262     1    13
# E_F                 =    -5.1442 eV --> (shifted to ZERO)
# Broadening          =     0.1000 eV
#
#        E            N(up)  (=)   N(down)         Ntot
    -10.000000     11.049735     11.049735     22.099470
     -9.971388     11.549046     11.549046     23.098092
     -9.942775     12.026145     12.026145     24.052291
     -9.914163     12.171382     12.171382     24.342764
     -9.885551     11.786205     11.786205     23.572411
     -9.856938     10.965915     10.965915     21.931829
     -9.828326     10.030528     10.030528     20.061055
     -9.799714      9.287202      9.287202     18.574404
     -9.771102      8.841142      8.841142     17.682284
     -9.742489      8.594510      8.594510     17.189021
     -9.713877      8.397955      8.397955     16.795910
     -9.685265      8.210922      8.210922     16.421844
     -9.656652      8.152245      8.152245     16.304490
     -9.628040      8.423741      8.423741     16.847483
     -9.599428      9.166368      9.166368     18.332737
     -9.570815     10.325374     10.325374     20.650748
     -9.542203     11.597881     11.597881     23.195763
     -9.513591     12.529789     12.529789     25.059578
     -9.484979     12.762066     12.762066     25.524133
     -9.456366     12.286405     12.286405     24.572810
     -9.427754     11.493184     11.493184     22.986367
     -9.399142     10.924919     10.924919     21.849838
     -9.370529     10.908059     10.908059     21.816119
     -9.341917     11.367050     11.367050     22.734100
     -9.313305     11.972528     11.972528     23.945057
     -9.284692     12.467642     12.467642     24.935285
     -9.256080     12.853583     12.853583     25.707167
     -9.227468     13.275619     13.275619     26.551238
     -9.198856     13.775949     13.775949     27.551898
     -9.170243     14.210980     14.210980     28.421960
     -9.141631     14.416095     14.416095     28.832190
     -9.113019     14.396350     14.396350     28.792700
     -9.084406     14.296843     14.296843     28.593686
     -9.055794     14.196597     14.196597     28.393194
     -9.027182     14.016619     14.016619     28.033238
     -8.998569     13.704624     13.704624     27.409247
     -8.969957     13.478990     13.478990     26.957980
     -8.941345     13.762318     13.762318     27.524636
     -8.912732     14.761869     14.761869     29.523737
     -8.884120     16.119738     16.119738     32.239476
     -8.855508     17.088800     17.088800     34.177600
     -8.826896     17.169524     17.169524     34.339047
     -8.798283     16.597596     16.597596     33.195193
     -8.769671     16.143611     16.143611     32.287222
     -8.741059     16.377335     16.377335     32.754669
     -8.712446     17.135228     17.135228     34.270457
     -8.683834     17.739525     17.739525     35.479049
     -8.655222     17.722064     17.722064     35.444128
     -8.626609     17.270545     17.270545     34.541090
     -8.597997     16.940959     16.940959     33.881918
     -8.569385     17.003499     17.003499     34.006999
     -8.540773     17.166829     17.166829     34.333658
     -8.512160     16.942808     16.942808     33.885616
     -8.483548     16.180399     16.180399     32.360799
     -8.454936     15.176938     15.176938     30.353876
     -8.426323     14.334727     14.334727     28.669454
     -8.397711     13.836939     13.836939     27.673877
     -8.369099     13.686867     13.686867     27.373734
     -8.340486     13.931436     13.931436     27.862872
     -8.311874     14.671834     14.671834     29.343668
     -8.283262     15.814848     15.814848     31.629695
     -8.254649     16.948120     16.948120     33.896240
     -8.226037     17.628323     17.628323     35.256646
     -8.197425     17.830943     17.830943     35.661886
     -8.168813     18.010372     18.010372     36.020745
     -8.140200     18.599606     18.599606     37.199213
     -8.111588     19.451995     19.451995     38.903990
     -8.082976     19.885390     19.885390     39.770781
     -8.054363     19.368512     19.368512     38.737025
     -8.025751     18.150777     18.150777     36.301555
     -7.997139     17.134067     17.134067     34.268133
     -7.968526     17.059554     17.059554     34.119109
     -7.939914     17.802556     17.802556     35.605111
     -7.911302     18.468641     18.468641     36.937282
     -7.882690     18.189891     18.189891     36.379783
     -7.854077     16.864163     16.864163     33.728326
     -7.825465     15.195046     15.195046     30.390093
     -7.796853     14.081597     14.081597     28.163194
     -7.768240     13.948518     13.948518     27.897037
     -7.739628     14.543804     14.543804     29.087607
     -7.711016     15.255533     15.255533     30.511066
     -7.682403     15.608425     15.608425     31.216851
     -7.653791     15.563841     15.563841     31.127681
     -7.625179     15.467886     15.467886     30.935771
     -7.596567     15.742651     15.742651     31.485303
     -7.567954     16.556643     16.556643     33.113286
     -7.539342     17.701435     17.701435     35.402871
     -7.510730     18.749566     18.749566     37.499131
     -7.482117     19.355882     19.355882     38.711765
     -7.453505     19.455897     19.455897     38.911795
     -7.424893     19.224683     19.224683     38.449365
     -7.396280     18.887494     18.887494     37.774987
     -7.367668     18.577199     18.577199     37.154398
     -7.339056     18.327994     18.327994     36.655988
     -7.310443     18.141609     18.141609     36.283217
     -7.281831     18.027046     18.027046     36.054092
     -7.253219     17.984885     17.984885     35.969770
     -7.224607     17.978091     17.978091     35.956181
     -7.195994     17.945155     17.945155     35.890310
     -7.167382     17.870715     17.870715     35.741429
     -7.138770     17.856260     17.856260     35.712520
     -7.110157     18.089154     18.089154     36.178307
     -7.081545     18.684085     18.684085     37.368171
     -7.052933     19.540057     19.540057     39.080114
     -7.024320     20.403351     20.403351     40.806703
     -6.995708     21.121650     21.121650     42.243300
     -6.967096     21.825724     21.825724     43.651448
     -6.938484     22.808397     22.808397     45.616794
     -6.909871     24.190635     24.190635     48.381271
     -6.881259     25.717951     25.717951     51.435902
     -6.852647     26.916654     26.916654     53.833308
     -6.824034     27.464243     27.464243     54.928487
     -6.795422     27.401854     27.401854     54.803708
     -6.766810     27.001358     27.001358     54.002715
     -6.738197     26.485438     26.485438     52.970875
     -6.709585     25.932404     25.932404     51.864808
     -6.680973     25.432951     25.432951     50.865902
     -6.652361     25.237111     25.237111     50.474222
     -6.623748     25.636292     25.636292     51.272584
     -6.595136     26.660516     26.660516     53.321033
     -6.566524     27.930777     27.930777     55.861554
     -6.537911     28.870913     28.870913     57.741825
     -6.509299     29.105275     29.105275     58.210551
     -6.480687     28.684194     28.684194     57.368388
     -6.452074     27.983941     27.983941     55.967881
     -6.423462     27.455834     27.455834     54.911667
     -6.394850     27.466284     27.466284     54.932567
     -6.366237     28.261772     28.261772     56.523545
     -6.337625     29.942599     29.942599     59.885198
     -6.309013     32.408684     32.408684     64.817368
     -6.280401     35.360404     35.360404     70.720809
     -6.251788     38.409508     38.409508     76.819015
     -6.223176     41.244775     41.244775     82.489549
     -6.194564     43.741682     43.741682     87.483364
     -6.165951     45.943904     45.943904     91.887809
     -6.137339     47.950204     47.950204     95.900408
     -6.108727     49.827170     49.827170     99.654340
     -6.080114     51.620610     51.620610    103.241221
     -6.051502     53.396645     53.396645    106.793290
     -6.022890     55.220345     55.220345    110.440691
     -5.994278     57.122199     57.122199    114.244397
     -5.965665     59.156789     59.156789    118.313578
     -5.937053     61.484636     61.484636    122.969273
     -5.908441     64.282009     64.282009    128.564017
     -5.879828     67.476691     67.476691    134.953381
     -5.851216     70.592076     70.592076    141.184152
     -5.822604     72.943471     72.943471    145.886942
     -5.793991     74.110208     74.110208    148.220417
     -5.765379     74.375482     74.375482    148.750965
     -5.736767     74.805076     74.805076    149.610152
     -5.708155     76.748986     76.748986    153.497972
     -5.679542     80.882842     80.882842    161.765685
     -5.650930     86.429765     86.429765    172.859529
     -5.622318     91.365773     91.365773    182.731547
     -5.593705     93.707155     93.707155    187.414310
     -5.565093     92.902724     92.902724    185.805447
     -5.536481     90.117516     90.117516    180.235032
     -5.507868     87.211125     87.211125    174.422250
     -5.479256     85.414164     85.414164    170.828328
     -5.450644     84.803810     84.803810    169.607619
     -5.422031     84.733398     84.733398    169.466796
     -5.393419     84.543803     84.543803    169.087605
     -5.364807     83.924386     83.924386    167.848772
     -5.336195     82.860227     82.860227    165.720454
     -5.307582     81.474689     81.474689    162.949379
     -5.278970     79.979994     79.979994    159.959989
     -5.250358     78.663621     78.663621    157.327242
     -5.221745     77.745508     77.745508    155.491016
     -5.193133     77.110301     77.110301    154.220602
     -5.164521     76.133330     76.133330    152.266659
     -5.135908     73.851983     73.851983    147.703966
     -5.107296     69.513088     69.513088    139.026176
     -5.078684     63.186870     63.186870    126.373741
     -5.050072     55.981692     55.981692    111.963383
     -5.021459     49.622230     49.622230     99.244461
     -4.992847     45.610642     45.610642     91.221284
     -4.964235     44.489251     44.489251     88.978502
     -4.935622     45.628276     45.628276     91.256552
     -4.907010     47.598261     47.598261     95.196522
     -4.878398     48.872878     48.872878     97.745755
     -4.849785     48.507750     48.507750     97.015500
     -4.821173     46.494108     46.494108     92.988217
     -4.792561     43.647497     43.647497     87.294994
     -4.763948     41.156563     41.156563     82.313125
     -4.735336     40.103897     40.103897     80.207794
     -4.706724     41.177524     41.177524     82.355047
     -4.678112     44.558017     44.558017     89.116033
     -4.649499     49.892777     49.892777     99.785554
     -4.620887     56.361029     56.361029    112.722058
     -4.592275     62.874250     62.874250    125.748500
     -4.563662     68.382043     68.382043    136.764086
     -4.535050     72.175071     72.175071    144.350141
     -4.506438     74.076423     74.076423    148.152846
     -4.477825     74.475057     74.475057    148.950115
     -4.449213     74.206831     74.206831    148.413662
     -4.420601     74.282212     74.282212    148.564425
     -4.391989     75.485770     75.485770    150.971541
     -4.363376     78.036712     78.036712    156.073424
     -4.334764     81.602590     81.602590    163.205179
     -4.306152     85.678754     85.678754    171.357508
     -4.277539     89.898667     89.898667    179.797335
     -4.248927     93.890201     93.890201    187.780402
     -4.220315     96.926820     96.926820    193.853640
     -4.191702     97.994060     97.994060    195.988119
     -4.163090     96.373381     96.373381    192.746761
     -4.134478     92.084102     92.084102    184.168205
     -4.105866     85.646427     85.646427    171.292855
     -4.077253     77.546871     77.546871    155.093742
     -4.048641     68.200199     68.200199    136.400399
     -4.020029     58.489810     58.489810    116.979621
     -3.991416     50.123641     50.123641    100.247283
     -3.962804     45.192597     45.192597     90.385195
     -3.934192     45.177882     45.177882     90.355764
     -3.905579     50.136133     50.136133    100.272265
     -3.876967     58.539716     58.539716    117.079432
     -3.848355     67.799724     67.799724    135.599448
     -3.819742     75.251859     75.251859    150.503717
     -3.791130     79.212326     79.212326    158.424652
     -3.762518     79.583583     79.583583    159.167167
     -3.733906     77.701806     77.701806    155.403612
     -3.705293     75.622004     75.622004    151.244009
     -3.676681     75.291258     75.291258    150.582517
     -3.648069     77.861230     77.861230    155.722460
     -3.619456     83.200922     83.200922    166.401844
     -3.590844     89.802715     89.802715    179.605431
     -3.562232     95.340250     95.340250    190.680499
     -3.533619     97.731068     97.731068    195.462136
     -3.505007     96.054953     96.054953    192.109906
     -3.476395     90.763345     90.763345    181.526691
     -3.447783     83.233552     83.233552    166.467105
     -3.419170     75.143385     75.143385    150.286770
     -3.390558     67.994273     67.994273    135.988545
     -3.361946     62.780610     62.780610    125.561221
     -3.333333     59.761347     59.761347    119.522693
     -3.304721     58.459585     58.459585    116.919170
     -3.276109     57.997662     57.997662    115.995325
     -3.247496     57.593086     57.593086    115.186172
     -3.218884     56.872240     56.872240    113.744481
     -3.190272     55.857008     55.857008    111.714016
     -3.161660     54.772030     54.772030    109.544060
     -3.133047     53.848073     53.848073    107.696146
     -3.104435     53.166554     53.166554    106.333107
     -3.075823     52.590126     52.590126    105.180252
     -3.047210     51.862380     51.862380    103.724761
     -3.018598     50.807454     50.807454    101.614908
     -2.989986     49.410841     49.410841     98.821681
     -2.961373     47.729664     47.729664     95.459328
     -2.932761     45.841619     45.841619     91.683238
     -2.904149     43.951592     43.951592     87.903184
     -2.875536     42.474177     42.474177     84.948353
     -2.846924     41.913557     41.913557     83.827114
     -2.818312     42.647339     42.647339     85.294677
     -2.789700     44.780482     44.780482     89.560963
     -2.761087     48.027154     48.027154     96.054309
     -2.732475     51.607263     51.607263    103.214526
     -2.703863     54.433942     54.433942    108.867884
     -2.675250     55.750762     55.750762    111.501523
     -2.646638     55.743704     55.743704    111.487409
     -2.618026     55.443277     55.443277    110.886555
     -2.589413     55.957984     55.957984    111.915968
     -2.560801     57.807459     57.807459    115.614918
     -2.532189     60.857758     60.857758    121.715516
     -2.503577     64.596900     64.596900    129.193800
     -2.474964     68.333884     68.333884    136.667769
     -2.446352     71.345837     71.345837    142.691675
     -2.417740     73.148693     73.148693    146.297386
     -2.389127     73.727356     73.727356    147.454713
     -2.360515     73.421361     73.421361    146.842721
     -2.331903     72.542658     72.542658    145.085316
     -2.303290     71.157775     71.157775    142.315550
     -2.274678     69.280513     69.280513    138.561026
     -2.246066     67.226404     67.226404    134.452808
     -2.217454     65.676630     65.676630    131.353261
     -2.188841     65.312170     65.312170    130.624340
     -2.160229     66.343354     66.343354    132.686708
     -2.131617     68.348716     68.348716    136.697432
     -2.103004     70.481003     70.481003    140.962006
     -2.074392     71.783722     71.783722    143.567444
     -2.045780     71.460024     71.460024    142.920047
     -2.017167     69.160321     69.160321    138.320642
     -1.988555     65.254000     65.254000    130.507999
     -1.959943     60.793013     60.793013    121.586026
     -1.931330     56.990297     56.990297    113.980595
     -1.902718     54.517930     54.517930    109.035861
     -1.874106     53.189397     53.189397    106.378794
     -1.845494     52.283378     52.283378    104.566757
     -1.816881     51.213291     51.213291    102.426581
     -1.788269     49.985788     49.985788     99.971576
     -1.759657     49.112689     49.112689     98.225378
     -1.731044     49.100375     49.100375     98.200750
     -1.702432     49.962527     49.962527     99.925055
     -1.673820     51.174404     51.174404    102.348808
     -1.645207     52.122327     52.122327    104.244655
     -1.616595     52.630199     52.630199    105.260398
     -1.587983     53.008802     53.008802    106.017604
     -1.559371     53.551867     53.551867    107.103735
     -1.530758     54.067943     54.067943    108.135886
     -1.502146     54.067606     54.067606    108.135213
     -1.473534     53.476875     53.476875    106.953751
     -1.444921     53.063131     53.063131    106.126262
     -1.416309     53.977772     53.977772    107.955543
     -1.387697     56.753606     56.753606    113.507212
     -1.359084     60.715279     60.715279    121.430557
     -1.330472     64.361848     64.361848    128.723695
     -1.301860     66.323068     66.323068    132.646135
     -1.273247     66.057953     66.057953    132.115906
     -1.244635     63.910025     63.910025    127.820050
     -1.216023     60.740248     60.740248    121.480496
     -1.187411     57.465716     57.465716    114.931432
     -1.158798     54.659999     54.659999    109.319999
     -1.130186     52.359009     52.359009    104.718017
     -1.101574     50.221693     50.221693    100.443386
     -1.072961     47.929529     47.929529     95.859057
     -1.044349     45.442900     45.442900     90.885800
     -1.015737     42.900620     42.900620     85.801239
     -0.987124     40.368013     40.368013     80.736026
     -0.958512     37.749754     37.749754     75.499507
     -0.929900     34.908161     34.908161     69.816323
     -0.901288     31.811468     31.811468     63.622936
     -0.872675     28.599303     28.599303     57.198605
     -0.844063     25.560627     25.560627     51.121254
     -0.815451     23.020372     23.020372     46.040744
     -0.786838     21.163076     21.163076     42.326152
     -0.758226     19.918084     19.918084     39.836169
     -0.729614     19.010507     19.010507     38.021014
     -0.701001     18.120156     18.120156     36.240313
     -0.672389     17.003142     17.003142     34.006283
     -0.643777     15.524653     15.524653     31.049305
     -0.615165     13.668256     13.668256     27.336511
     -0.586552     11.563054     11.563054     23.126109
     -0.557940      9.473569      9.473569     18.947138
     -0.529328      7.701482      7.701482     15.402964
     -0.500715      6.455306      6.455306     12.910611
     -0.472103      5.785364      5.785364     11.570727
     -0.443491      5.596483      5.596483     11.192966
     -0.414878      5.683352      5.683352     11.366704
     -0.386266      5.779344      5.779344     11.558688
     -0.357654      5.652954      5.652954     11.305909
     -0.329041      5.220232      5.220232     10.440464
     -0.300429      4.572765      4.572765      9.145530
     -0.271817      3.885212      3.885212      7.770425
     -0.243205      3.291512      3.291512      6.583024
     -0.214592      2.835425      2.835425      5.670850
     -0.185980      2.499081      2.499081      4.998163
     -0.157368      2.239703      2.239703      4.479407
     -0.128755      2.000977      2.000977      4.001955
     -0.100143      1.728848      1.728848      3.457697
     -0.071531      1.410962      1.410962      2.821924
     -0.042918      1.103862      1.103862      2.207723
     -0.014306      0.905903      0.905903      1.811807
      0.014306      0.886890      0.886890      1.773781
      0.042918      1.028328      1.028328      2.056655
      0.071531      1.221244      1.221244      2.442487
      0.100143      1.328729      1.328729      2.657459
      0.128755      1.274722      1.274722      2.549444
      0.157368      1.096232      1.096232      2.192464
      0.185980      0.919853      0.919853      1.839706
      0.214592      0.881753      0.881753      1.763505
      0.243205      1.048587      1.048587      2.097174
      0.271817      1.385235      1.385235      2.770470
      0.300429      1.777958      1.777958      3.555916
      0.329041      2.091027      2.091027      4.182054
      0.357654      2.224219      2.224219      4.448438
      0.386266      2.150470      2.150470      4.300940
      0.414878      1.932729      1.932729      3.865458
      0.443491      1.719809      1.719809      3.439618
      0.472103      1.706851      1.706851      3.413702
      0.500715      2.053746      2.053746      4.107492
      0.529328      2.793235      2.793235      5.586469
      0.557940      3.789286      3.789286      7.578571
      0.586552      4.788343      4.788343      9.576686
      0.615165      5.549596      5.549596     11.099192
      0.643777      5.987123      5.987123     11.974247
      0.672389      6.239423      6.239423     12.478847
      0.701001      6.606206      6.606206     13.212413
      0.729614      7.357434      7.357434     14.714867
      0.758226      8.516724      8.516724     17.033449
      0.786838      9.789046      9.789046     19.578093
      0.815451     10.741894     10.741894     21.483787
      0.844063     11.149326     11.149326     22.298652
      0.872675     11.227303     11.227303     22.454605
      0.901288     11.531793     11.531793     23.063587
      0.929900     12.579935     12.579935     25.159870
      0.958512     14.541194     14.541194     29.082389
      0.987124     17.318391     17.318391     34.636783
      1.015737     20.964400     20.964400     41.928801
      1.044349     26.000554     26.000554     52.001108
      1.072961     33.205612     33.205612     66.411224
      1.101574     42.867213     42.867213     85.734426
      1.130186     54.005373     54.005373    108.010745
      1.158798     64.291672     64.291672    128.583344
      1.187411     71.045791     71.045791    142.091581
      1.216023     72.868026     72.868026    145.736052
      1.244635     70.767287     70.767287    141.534574
      1.273247     67.836091     67.836091    135.672181
      1.301860     67.571651     67.571651    135.143302
      1.330472     71.880927     71.880927    143.761853
      1.359084     79.941084     79.941084    159.882169
      1.387697     88.609618     88.609618    177.219237
      1.416309     94.289391     94.289391    188.578783
      1.444921     95.163704     95.163704    190.327407
      1.473534     92.201983     92.201983    184.403965
      1.502146     88.184313     88.184313    176.368626
      1.530758     85.696393     85.696393    171.392787
      1.559371     85.804605     85.804605    171.609210
      1.587983     88.144616     88.144616    176.289233
      1.616595     91.739190     91.739190    183.478380
      1.645207     95.562684     95.562684    191.125368
      1.673820     98.628477     98.628477    197.256953
      1.702432    100.020682    100.020682    200.041364
      1.731044     99.175686     99.175686    198.351373
      1.759657     96.219375     96.219375    192.438751
      1.788269     91.968628     91.968628    183.937257
      1.816881     87.520960     87.520960    175.041921
      1.845494     83.762058     83.762058    167.524117
      1.874106     81.118856     81.118856    162.237711
      1.902718     79.557556     79.557556    159.115112
      1.931330     78.664858     78.664858    157.329717
      1.959943     77.788766     77.788766    155.577532
      1.988555     76.295051     76.295051    152.590101
      2.017167     73.836981     73.836981    147.673962
      2.045780     70.429808     70.429808    140.859617
      2.074392     66.311332     66.311332    132.622663
      2.103004     61.818187     61.818187    123.636375
      2.131617     57.433673     57.433673    114.867346
      2.160229     53.847390     53.847390    107.694781
      2.188841     51.778513     51.778513    103.557026
      2.217454     51.604085     51.604085    103.208170
      2.246066     53.095898     53.095898    106.191795
      2.274678     55.466371     55.466371    110.932743
      2.303290     57.651029     57.651029    115.302057
      2.331903     58.663914     58.663914    117.327828
      2.360515     57.944353     57.944353    115.888706
      2.389127     55.617454     55.617454    111.234907
      2.417740     52.491917     52.491917    104.983834
      2.446352     49.678698     49.678698     99.357395
      2.474964     48.014507     48.014507     96.029014
      2.503577     47.683922     47.683922     95.367845
      2.532189     48.264797     48.264797     96.529594
      2.560801     49.065604     49.065604     98.131209
      2.589413     49.472050     49.472050     98.944100
      2.618026     49.148743     49.148743     98.297486
      2.646638     48.103115     48.103115     96.206230
      2.675250     46.631226     46.631226     93.262453
      2.703863     45.119714     45.119714     90.239429
      2.732475     43.758715     43.758715     87.517429
      2.761087     42.393208     42.393208     84.786417
      2.789700     40.722932     40.722932     81.445863
      2.818312     38.719687     38.719687     77.439374
      2.846924     36.822498     36.822498     73.644997
      2.875536     35.664697     35.664697     71.329395
      2.904149     35.612265     35.612265     71.224530
      2.932761     36.558966     36.558966     73.117932
      2.961373     38.044675     38.044675     76.089351
      2.989986     39.449856     39.449856     78.899713
      3.018598     40.174504     40.174504     80.349008
      3.047210     39.909897     39.909897     79.819795
      3.075823     38.919934     38.919934     77.839868
      3.104435     38.007613     38.007613     76.015226
      3.133047     38.058955     38.058955     76.117910
      3.161660     39.502246     39.502246     79.004492
      3.190272     42.092347     42.092347     84.184694
      3.218884     45.086457     45.086457     90.172913
      3.247496     47.600375     47.600375     95.200750
      3.276109     48.960551     48.960551     97.921101
      3.304721     48.976301     48.976301     97.952602
      3.333333     48.044188     48.044188     96.088377
      3.361946     46.973855     46.973855     93.947710
      3.390558     46.564776     46.564776     93.129552
      3.419170     47.171853     47.171853     94.343706
      3.447783     48.527405     48.527405     97.054810
      3.476395     49.903160     49.903160     99.806320
      3.505007     50.496410     50.496410    100.992819
      3.533619     49.825449     49.825449     99.650898
      3.562232     47.898362     47.898362     95.796724
      3.590844     45.041509     45.041509     90.083018
      3.619456     41.577247     41.577247     83.154495
      3.648069     37.714229     37.714229     75.428458
      3.676681     33.733180     33.733180     67.466359
      3.705293     30.130006     30.130006     60.260012
      3.733906     27.430365     27.430365     54.860731
      3.762518     25.843088     25.843088     51.686177
      3.791130     25.111722     25.111722     50.223443
      3.819742     24.660798     24.660798     49.321595
      3.848355     23.873104     23.873104     47.746208
      3.876967     22.342578     22.342578     44.685157
      3.905579     20.026716     20.026716     40.053431
      3.934192     17.243078     17.243078     34.486156
      3.962804     14.512432     14.512432     29.024865
      3.991416     12.336614     12.336614     24.673228
      4.020029     11.007401     11.007401     22.014802
      4.048641     10.505711     10.505711     21.011423
      4.077253     10.530674     10.530674     21.061347
      4.105866     10.650726     10.650726     21.301451
      4.134478     10.497413     10.497413     20.994826
      4.163090      9.914807      9.914807     19.829615
      4.191702      9.022495      9.022495     18.044990
      4.220315      8.166777      8.166777     16.333553
      4.248927      7.747365      7.747365     15.494730
      4.277539      7.982264      7.982264     15.964529
      4.306152      8.755817      8.755817     17.511633
      4.334764      9.666847      9.666847     19.333693
      4.363376     10.253360     10.253360     20.506720
      4.391989     10.241304     10.241304     20.482608
      4.420601      9.653510      9.653510     19.307020
      4.449213      8.721257      8.721257     17.442514
      4.477825      7.688789      7.688789     15.377578
      4.506438      6.684963      6.684963     13.369925
      4.535050      5.771483      5.771483     11.542967
      4.563662      5.095694      5.095694     10.191388
      4.592275      4.948995      4.948995      9.897990
      4.620887      5.606862      5.606862     11.213724
      4.649499      7.047640      7.047640     14.095280
      4.678112      8.805862      8.805862     17.611725
      4.706724     10.151121     10.151121     20.302241
      4.735336     10.518822     10.518822     21.037644
      4.763948      9.868694      9.868694     19.737387
      4.792561      8.671377      8.671377     17.342754
      4.821173      7.548107      7.548107     15.096214
      4.849785      6.891222      6.891222     13.782444
      4.878398      6.745566      6.745566     13.491131
      4.907010      6.925230      6.925230     13.850460
      4.935622      7.169716      7.169716     14.339432
      4.964235      7.254309      7.254309     14.508618
      4.992847      7.092819      7.092819     14.185637
      5.021459      6.796609      6.796609     13.593219
      5.050072      6.576118      6.576118     13.152237
      5.078684      6.524188      6.524188     13.048377
      5.107296      6.519431      6.519431     13.038863
      5.135908      6.387427      6.387427     12.774855
      5.164521      6.136227      6.136227     12.272453
      5.193133      5.977700      5.977700     11.955400
      5.221745      6.111769      6.111769     12.223538
      5.250358      6.528554      6.528554     13.057108
      5.278970      7.025374      7.025374     14.050748
      5.307582      7.371434      7.371434     14.742867
      5.336195      7.442189      7.442189     14.884378
      5.364807      7.256597      7.256597     14.513195
      5.393419      6.957557      6.957557     13.915115
      5.422031      6.763402      6.763402     13.526804
      5.450644      6.893906      6.893906     13.787813
      5.479256      7.499430      7.499430     14.998859
      5.507868      8.621092      8.621092     17.242184
      5.536481     10.171357     10.171357     20.342713
      5.565093     11.931264     11.931264     23.862528
      5.593705     13.598795     13.598795     27.197591
      5.622318     14.899137     14.899137     29.798274
      5.650930     15.710072     15.710072     31.420143
      5.679542     16.153336     16.153336     32.306672
      5.708155     16.611288     16.611288     33.222576
      5.736767     17.597384     17.597384     35.194767
      5.765379     19.460996     19.460996     38.921991
      5.793991     22.098307     22.098307     44.196614
      5.822604     24.939938     24.939938     49.879876
      5.851216     27.290868     27.290868     54.581736
      5.879828     28.778205     28.778205     57.556409
      5.908441     29.545011     29.545011     59.090023
      5.937053     30.029497     30.029497     60.058994
      5.965665     30.531755     30.531755     61.063510
      5.994278     30.983378     30.983378     61.966756
      6.022890     31.155895     31.155895     62.311789
      6.051502     31.101481     31.101481     62.202961
      6.080114     31.362848     31.362848     62.725697
      6.108727     32.688218     32.688218     65.376435
      6.137339     35.447716     35.447716     70.895432
      6.165951     39.248034     39.248034     78.496067
      6.194564     43.097512     43.097512     86.195023
      6.223176     45.983065     45.983065     91.966129
      6.251788     47.365312     47.365312     94.730625
      6.280401     47.258078     47.258078     94.516156
      6.309013     46.005021     46.005021     92.010041
      6.337625     44.066680     44.066680     88.133360
      6.366237     41.958106     41.958106     83.916212
      6.394850     40.247398     40.247398     80.494796
      6.423462     39.481502     39.481502     78.963005
      6.452074     40.005049     40.005049     80.010098
      6.480687     41.752708     41.752708     83.505416
      6.509299     44.166344     44.166344     88.332688
      6.537911     46.379307     46.379307     92.758613
      6.566524     47.656316     47.656316     95.312632
      6.595136     47.815046     47.815046     95.630092
      6.623748     47.252909     47.252909     94.505818
      6.652361     46.514167     46.514167     93.028333
      6.680973     45.838844     45.838844     91.677687
      6.709585     45.201968     45.201968     90.403936
      6.738197     44.745870     44.745870     89.491741
      6.766810     44.942772     44.942772     89.885543
      6.795422     46.134271     46.134271     92.268542
      6.824034     47.955369     47.955369     95.910738
      6.852647     49.401513     49.401513     98.803026
      6.881259     49.580545     49.580545     99.161091
      6.909871     48.431583     48.431583     96.863165
      6.938484     46.771911     46.771911     93.543822
      6.967096     45.727445     45.727445     91.454891
      6.995708     46.082626     46.082626     92.165253
      7.024320     47.975579     47.975579     95.951158
      7.052933     50.984482     50.984482    101.968963
      7.081545     54.418707     54.418707    108.837413
      7.110157     57.601625     57.601625    115.203250
      7.138770     60.006886     60.006886    120.013772
      7.167382     61.265713     61.265713    122.531425
      7.195994     61.208418     61.208418    122.416836
      7.224607     60.035990     60.035990    120.071981
      7.253219     58.447301     58.447301    116.894602
      7.281831     57.414469     57.414469    114.828939
      7.310443     57.584360     57.584360    115.168720
      7.339056     58.762652     58.762652    117.525304
      7.367668     60.006169     60.006169    120.012337
      7.396280     60.299033     60.299033    120.598067
      7.424893     59.220960     59.220960    118.441920
      7.453505     57.099679     57.099679    114.199358
      7.482117     54.692131     54.692131    109.384262
      7.510730     52.760900     52.760900    105.521799
      7.539342     51.780815     51.780815    103.561630
      7.567954     51.803111     51.803111    103.606222
      7.596567     52.490436     52.490436    104.980872
      7.625179     53.357126     53.357126    106.714253
      7.653791     54.119165     54.119165    108.238330
      7.682403     54.902735     54.902735    109.805469
      7.711016     56.115298     56.115298    112.230595
      7.739628     58.047923     58.047923    116.095846
      7.768240     60.511326     60.511326    121.022653
      7.796853     62.804969     62.804969    125.609937
      7.825465     64.093100     64.093100    128.186201
      7.854077     63.970275     63.970275    127.940551
      7.882690     62.801152     62.801152    125.602305
      7.911302     61.488633     61.488633    122.977266
      7.939914     60.756845     60.756845    121.513690
      7.968526     60.543083     60.543083    121.086165
      7.997139     60.099375     60.099375    120.198751
      8.025751     58.761785     58.761785    117.523570
      8.054363     56.683916     56.683916    113.367833
      8.082976     54.870633     54.870633    109.741267
      8.111588     54.520061     54.520061    109.040123
      8.140200     56.238156     56.238156    112.476312
      8.168813     59.645199     59.645199    119.290398
      8.197425     63.514748     63.514748    127.029496
      8.226037     66.332023     66.332023    132.664046
      8.254649     67.054662     67.054662    134.109324
      8.283262     65.722913     65.722913    131.445827
      8.311874     63.502789     63.502789    127.005579
      8.340486     62.010361     62.010361    124.020722
      8.369099     62.289315     62.289315    124.578630
      8.397711     64.141952     64.141952    128.283904
      8.426323     66.280006     66.280006    132.560012
      8.454936     67.147447     67.147447    134.294893
      8.483548     65.832681     65.832681    131.665361
      8.512160     62.539204     62.539204    125.078409
      8.540773     58.434366     58.434366    116.868733
      8.569385     55.031714     55.031714    110.063428
      8.597997     53.444514     53.444514    106.889028
      8.626609     53.871146     53.871146    107.742292
      8.655222     55.574419     55.574419    111.148838
      8.683834     57.398601     57.398601    114.797202
      8.712446     58.512431     58.512431    117.024863
      8.741059     58.797060     58.797060    117.594119
      8.769671     58.547972     58.547972    117.095944
      8.798283     57.868656     57.868656    115.737311
      8.826896     56.484330     56.484330    112.968661
      8.855508     54.170672     54.170672    108.341345
      8.884120     51.228741     51.228741    102.457482
      8.912732     48.428387     48.428387     96.856775
      8.941345     46.531729     46.531729     93.063458
      8.969957     45.962196     45.962196     91.924392
      8.998569     46.896795     46.896795     93.793590
      9.027182     49.494850     49.494850     98.989699
      9.055794     53.851928     53.851928    107.703856
      9.084406     59.675160     59.675160    119.350320
      9.113019     66.069046     66.069046    132.138092
      9.141631     71.747239     71.747239    143.494478
      9.170243     75.597775     75.597775    151.195550
      9.198856     77.259174     77.259174    154.518348
      9.227468     77.359454     77.359454    154.718909
      9.256080     77.221280     77.221280    154.442561
      9.284692     78.114338     78.114338    156.228677
      9.313305     80.484614     80.484614    160.969229
      9.341917     83.698915     83.698915    167.397830
      9.370529     86.487846     86.487846    172.975691
      9.399142     87.743967     87.743967    175.487934
      9.427754     87.131600     87.131600    174.263200
      9.456366     85.185986     85.185986    170.371972
      9.484979     82.925005     82.925005    165.850010
      9.513591     81.236451     81.236451    162.472901
      9.542203     80.406736     80.406736    160.813472
      9.570815     80.067355     80.067355    160.134709
      9.599428     79.521479     79.521479    159.042959
      9.628040     78.141009     78.141009    156.282019
      9.656652     75.606616     75.606616    151.213232
      9.685265     72.013747     72.013747    144.027494
      9.713877     67.876676     67.876676    135.753351
      9.742489     63.939352     63.939352    127.878704
      9.771102     60.835757     60.835757    121.671513
      9.799714     58.884675     58.884675    117.769350
      9.828326     58.188795     58.188795    116.377591
      9.856938     58.843069     58.843069    117.686139
      9.885551     60.981334     60.981334    121.962668
      9.914163     64.653834     64.653834    129.307667
      9.942775     69.674694     69.674694    139.349387
      9.971388     75.484184     75.484184    150.968368
     10.000000     81.073172     81.073172    162.146345
