# EIG2DOS: Utility for SIESTA to obtain the electronic density of states
#  E. Artacho, Apr 1999, A. Garcia, Apr 2012
# ------------------------------------------
# Eigenvalues read from 3mos2-1graphene.EIG
# Using smearing parameter:   0.100
# Using    700 points in energy range
# Selected bands: 1 to: 2618
# Emin, emax in file for selected band(s):    -22.8315200    142.9234700
# Nbands, Nspin, Nk   =   2618     1    25
# E_F                 =    -4.6845 eV --> (shifted to ZERO)
# Broadening          =     0.1000 eV
#
#        E            N(up)  (=)   N(down)         Ntot
    -10.000000      4.730259      4.730259      9.460519
     -9.971388      4.980222      4.980222      9.960445
     -9.942775      4.774649      4.774649      9.549298
     -9.914163      4.173948      4.173948      8.347896
     -9.885551      3.350673      3.350673      6.701346
     -9.856938      2.524075      2.524075      5.048151
     -9.828326      1.913640      1.913640      3.827280
     -9.799714      1.699108      1.699108      3.398216
     -9.771102      1.971348      1.971348      3.942695
     -9.742489      2.683801      2.683801      5.367601
     -9.713877      3.635802      3.635802      7.271603
     -9.685265      4.518924      4.518924      9.037848
     -9.656652      5.028293      5.028293     10.056585
     -9.628040      4.991547      4.991547      9.983093
     -9.599428      4.439289      4.439289      8.878577
     -9.570815      3.573434      3.573434      7.146868
     -9.542203      2.666153      2.666153      5.332306
     -9.513591      1.967065      1.967065      3.934131
     -9.484979      1.662783      1.662783      3.325565
     -9.456366      1.863699      1.863699      3.727398
     -9.427754      2.570666      2.570666      5.141331
     -9.399142      3.623851      3.623851      7.247701
     -9.370529      4.699929      4.699929      9.399858
     -9.341917      5.420849      5.420849     10.841697
     -9.313305      5.546219      5.546219     11.092438
     -9.284692      5.120168      5.120168     10.240335
     -9.256080      4.448083      4.448083      8.896165
     -9.227468      3.908529      3.908529      7.817058
     -9.198856      3.742271      3.742271      7.484543
     -9.170243      3.970890      3.970890      7.941780
     -9.141631      4.472156      4.472156      8.944312
     -9.113019      5.097688      5.097688     10.195375
     -9.084406      5.705566      5.705566     11.411132
     -9.055794      6.118540      6.118540     12.237079
     -9.027182      6.139631      6.139631     12.279263
     -8.998569      5.684768      5.684768     11.369536
     -8.969957      4.905788      4.905788      9.811577
     -8.941345      4.138396      4.138396      8.276793
     -8.912732      3.692121      3.692121      7.384242
     -8.884120      3.676363      3.676363      7.352726
     -8.855508      4.011890      4.011890      8.023780
     -8.826896      4.574280      4.574280      9.148560
     -8.798283      5.290890      5.290890     10.581779
     -8.769671      6.093464      6.093464     12.186929
     -8.741059      6.811432      6.811432     13.622865
     -8.712446      7.170696      7.170696     14.341391
     -8.683834      6.952489      6.952489     13.904977
     -8.655222      6.184610      6.184610     12.369219
     -8.626609      5.177149      5.177149     10.354298
     -8.597997      4.346382      4.346382      8.692763
     -8.569385      3.966256      3.966256      7.932512
     -8.540773      4.049699      4.049699      8.099397
     -8.512160      4.431108      4.431108      8.862215
     -8.483548      4.936478      4.936478      9.872955
     -8.454936      5.473614      5.473614     10.947229
     -8.426323      5.988102      5.988102     11.976203
     -8.397711      6.378399      6.378399     12.756799
     -8.369099      6.495153      6.495153     12.990306
     -8.340486      6.243542      6.243542     12.487084
     -8.311874      5.682325      5.682325     11.364650
     -8.283262      5.009239      5.009239     10.018479
     -8.254649      4.446272      4.446272      8.892543
     -8.226037      4.141158      4.141158      8.282317
     -8.197425      4.159931      4.159931      8.319862
     -8.168813      4.525299      4.525299      9.050598
     -8.140200      5.214778      5.214778     10.429556
     -8.111588      6.107394      6.107394     12.214789
     -8.082976      6.954512      6.954512     13.909025
     -8.054363      7.451298      7.451298     14.902596
     -8.025751      7.397445      7.397445     14.794890
     -7.997139      6.834068      6.834068     13.668136
     -7.968526      6.029612      6.029612     12.059224
     -7.939914      5.302936      5.302936     10.605872
     -7.911302      4.824354      4.824354      9.648707
     -7.882690      4.564100      4.564100      9.128200
     -7.854077      4.416980      4.416980      8.833961
     -7.825465      4.365052      4.365052      8.730104
     -7.796853      4.516327      4.516327      9.032655
     -7.768240      4.985532      4.985532      9.971064
     -7.739628      5.732238      5.732238     11.464476
     -7.711016      6.514680      6.514680     13.029361
     -7.682403      7.017586      7.017586     14.035172
     -7.653791      7.052381      7.052381     14.104762
     -7.625179      6.663403      6.663403     13.326805
     -7.596567      6.070678      6.070678     12.141355
     -7.567954      5.524002      5.524002     11.048004
     -7.539342      5.185554      5.185554     10.371107
     -7.510730      5.094030      5.094030     10.188061
     -7.482117      5.190679      5.190679     10.381358
     -7.453505      5.366695      5.366695     10.733389
     -7.424893      5.509976      5.509976     11.019953
     -7.396280      5.550791      5.550791     11.101583
     -7.367668      5.503979      5.503979     11.007958
     -7.339056      5.481072      5.481072     10.962145
     -7.310443      5.635030      5.635030     11.270059
     -7.281831      6.041989      6.041989     12.083978
     -7.253219      6.601037      6.601037     13.202075
     -7.224607      7.058581      7.058581     14.117162
     -7.195994      7.175293      7.175293     14.350587
     -7.167382      6.913811      6.913811     13.827623
     -7.138770      6.480169      6.480169     12.960338
     -7.110157      6.165901      6.165901     12.331801
     -7.081545      6.114948      6.114948     12.229895
     -7.052933      6.215781      6.215781     12.431563
     -7.024320      6.215114      6.215114     12.430229
     -6.995708      5.952540      5.952540     11.905080
     -6.967096      5.512649      5.512649     11.025298
     -6.938484      5.179754      5.179754     10.359509
     -6.909871      5.254944      5.254944     10.509889
     -6.881259      5.880762      5.880762     11.761525
     -6.852647      6.975048      6.975048     13.950095
     -6.824034      8.289248      8.289248     16.578496
     -6.795422      9.545086      9.545086     19.090172
     -6.766810     10.578824     10.578824     21.157647
     -6.738197     11.436419     11.436419     22.872839
     -6.709585     12.393457     12.393457     24.786913
     -6.680973     13.882525     13.882525     27.765051
     -6.652361     16.319625     16.319625     32.639249
     -6.623748     19.887757     19.887757     39.775514
     -6.595136     24.418733     24.418733     48.837466
     -6.566524     29.478168     29.478168     58.956336
     -6.537911     34.581607     34.581607     69.163214
     -6.509299     39.346076     39.346076     78.692152
     -6.480687     43.494097     43.494097     86.988194
     -6.452074     46.846553     46.846553     93.693107
     -6.423462     49.437305     49.437305     98.874609
     -6.394850     51.625352     51.625352    103.250704
     -6.366237     53.975214     53.975214    107.950429
     -6.337625     56.955114     56.955114    113.910228
     -6.309013     60.764386     60.764386    121.528771
     -6.280401     65.410447     65.410447    130.820894
     -6.251788     70.813617     70.813617    141.627234
     -6.223176     76.795118     76.795118    153.590236
     -6.194564     83.130516     83.130516    166.261032
     -6.165951     89.783992     89.783992    179.567985
     -6.137339     97.018115     97.018115    194.036230
     -6.108727    105.033140    105.033140    210.066280
     -6.080114    113.342100    113.342100    226.684201
     -6.051502    120.526267    120.526267    241.052533
     -6.022890    124.749818    124.749818    249.499637
     -5.994278    124.742073    124.742073    249.484146
     -5.965665    120.554418    120.554418    241.108835
     -5.937053    113.546979    113.546979    227.093958
     -5.908441    105.589823    105.589823    211.179645
     -5.879828     98.025558     98.025558    196.051116
     -5.851216     91.134051     91.134051    182.268101
     -5.822604     84.455877     84.455877    168.911754
     -5.793991     77.640416     77.640416    155.280833
     -5.765379     71.070780     71.070780    142.141560
     -5.736767     65.730141     65.730141    131.460283
     -5.708155     62.420064     62.420064    124.840129
     -5.679542     60.982156     60.982156    121.964313
     -5.650930     60.185484     60.185484    120.370968
     -5.622318     58.436028     58.436028    116.872057
     -5.593705     54.823967     54.823967    109.647934
     -5.565093     49.723117     49.723117     99.446234
     -5.536481     44.477568     44.477568     88.955136
     -5.507868     40.450169     40.450169     80.900338
     -5.479256     38.198134     38.198134     76.396268
     -5.450644     37.324834     37.324834     74.649667
     -5.422031     36.941868     36.941868     73.883735
     -5.393419     36.287887     36.287887     72.575773
     -5.364807     35.090608     35.090608     70.181216
     -5.336195     33.526313     33.526313     67.052627
     -5.307582     31.928988     31.928988     63.857977
     -5.278970     30.562115     30.562115     61.124230
     -5.250358     29.635315     29.635315     59.270629
     -5.221745     29.444529     29.444529     58.889059
     -5.193133     30.404731     30.404731     60.809461
     -5.164521     32.941592     32.941592     65.883185
     -5.135908     37.404795     37.404795     74.809590
     -5.107296     44.104745     44.104745     88.209490
     -5.078684     53.383053     53.383053    106.766105
     -5.050072     65.551229     65.551229    131.102458
     -5.021459     80.626256     80.626256    161.252512
     -4.992847     97.965504     97.965504    195.931008
     -4.964235    116.042409    116.042409    232.084819
     -4.935622    132.586047    132.586047    265.172093
     -4.907010    145.102636    145.102636    290.205272
     -4.878398    151.568204    151.568204    303.136407
     -4.849785    151.013550    151.013550    302.027101
     -4.821173    143.799426    143.799426    287.598851
     -4.792561    131.488185    131.488185    262.976370
     -4.763948    116.349223    116.349223    232.698447
     -4.735336    100.698225    100.698225    201.396450
     -4.706724     86.347639     86.347639    172.695279
     -4.678112     74.340430     74.340430    148.680860
     -4.649499     64.955461     64.955461    129.910923
     -4.620887     57.885841     57.885841    115.771682
     -4.592275     52.516039     52.516039    105.032077
     -4.563662     48.239174     48.239174     96.478347
     -4.535050     44.712463     44.712463     89.424926
     -4.506438     41.942644     41.942644     83.885289
     -4.477825     40.207156     40.207156     80.414312
     -4.449213     39.957290     39.957290     79.914580
     -4.420601     41.841044     41.841044     83.682088
     -4.391989     46.797304     46.797304     93.594609
     -4.363376     55.968113     55.968113    111.936226
     -4.334764     70.162136     70.162136    140.324273
     -4.306152     88.922214     88.922214    177.844427
     -4.277539    109.796137    109.796137    219.592274
     -4.248927    128.649738    128.649738    257.299475
     -4.220315    141.246762    141.246762    282.493523
     -4.191702    145.188519    145.188519    290.377039
     -4.163090    140.852386    140.852386    281.704772
     -4.134478    130.792699    130.792699    261.585398
     -4.105866    118.280693    118.280693    236.561387
     -4.077253    106.034358    106.034358    212.068715
     -4.048641     95.659149     95.659149    191.318298
     -4.020029     87.696122     87.696122    175.392245
     -3.991416     81.933976     81.933976    163.867952
     -3.962804     77.708528     77.708528    155.417056
     -3.934192     74.134258     74.134258    148.268516
     -3.905579     70.401925     70.401925    140.803851
     -3.876967     66.168274     66.168274    132.336548
     -3.848355     61.745685     61.745685    123.491370
     -3.819742     57.802154     57.802154    115.604308
     -3.791130     54.787824     54.787824    109.575648
     -3.762518     52.679628     52.679628    105.359255
     -3.733906     51.273926     51.273926    102.547852
     -3.705293     50.570310     50.570310    101.140620
     -3.676681     50.719489     50.719489    101.438978
     -3.648069     51.651819     51.651819    103.303638
     -3.619456     52.941510     52.941510    105.883019
     -3.590844     54.105746     54.105746    108.211493
     -3.562232     54.940890     54.940890    109.881779
     -3.533619     55.475738     55.475738    110.951477
     -3.505007     55.642030     55.642030    111.284061
     -3.476395     55.122832     55.122832    110.245665
     -3.447783     53.617903     53.617903    107.235805
     -3.419170     51.265463     51.265463    102.530926
     -3.390558     48.786209     48.786209     97.572417
     -3.361946     47.228410     47.228410     94.456820
     -3.333333     47.549259     47.549259     95.098519
     -3.304721     50.278412     50.278412    100.556823
     -3.276109     55.334530     55.334530    110.669060
     -3.247496     62.007167     62.007167    124.014335
     -3.218884     69.127818     69.127818    138.255636
     -3.190272     75.382280     75.382280    150.764560
     -3.161660     79.646844     79.646844    159.293687
     -3.133047     81.276129     81.276129    162.552258
     -3.104435     80.330175     80.330175    160.660349
     -3.075823     77.684012     77.684012    155.368025
     -3.047210     74.887740     74.887740    149.775480
     -3.018598     73.689652     73.689652    147.379304
     -2.989986     75.337236     75.337236    150.674472
     -2.961373     80.000558     80.000558    160.001115
     -2.932761     86.681363     86.681363    173.362726
     -2.904149     93.665989     93.665989    187.331979
     -2.875536     99.205686     99.205686    198.411373
     -2.846924    102.051083    102.051083    204.102167
     -2.818312    101.706804    101.706804    203.413607
     -2.789700     98.438491     98.438491    196.876982
     -2.761087     93.062125     93.062125    186.124250
     -2.732475     86.602693     86.602693    173.205386
     -2.703863     80.015338     80.015338    160.030675
     -2.675250     74.078197     74.078197    148.156393
     -2.646638     69.367764     69.367764    138.735528
     -2.618026     66.201004     66.201004    132.402008
     -2.589413     64.547436     64.547436    129.094872
     -2.560801     63.982670     63.982670    127.965340
     -2.532189     63.782306     63.782306    127.564612
     -2.503577     63.239535     63.239535    126.479070
     -2.474964     62.084518     62.084518    124.169036
     -2.446352     60.642107     60.642107    121.284215
     -2.417740     59.520364     59.520364    119.040727
     -2.389127     59.111686     59.111686    118.223371
     -2.360515     59.363261     59.363261    118.726522
     -2.331903     59.901324     59.901324    119.802649
     -2.303290     60.242246     60.242246    120.484493
     -2.274678     59.928492     59.928492    119.856984
     -2.246066     58.669013     58.669013    117.338026
     -2.217454     56.523711     56.523711    113.047421
     -2.188841     54.002861     54.002861    108.005721
     -2.160229     51.995442     51.995442    103.990883
     -2.131617     51.610946     51.610946    103.221893
     -2.103004     53.993794     53.993794    107.987588
     -2.074392     59.977767     59.977767    119.955535
     -2.045780     69.488907     69.488907    138.977813
     -2.017167     81.018057     81.018057    162.036113
     -1.988555     91.787112     91.787112    183.574224
     -1.959943     98.861584     98.861584    197.723167
     -1.931330    100.609391    100.609391    201.218782
     -1.902718     97.469247     97.469247    194.938495
     -1.874106     91.511972     91.511972    183.023944
     -1.845494     85.231655     85.231655    170.463310
     -1.816881     80.442232     80.442232    160.884464
     -1.788269     77.810944     77.810944    155.621887
     -1.759657     76.984195     76.984195    153.968390
     -1.731044     77.004692     77.004692    154.009385
     -1.702432     76.775385     76.775385    153.550770
     -1.673820     75.425500     75.425500    150.851001
     -1.645207     72.504887     72.504887    145.009773
     -1.616595     68.028202     68.028202    136.056405
     -1.587983     62.430548     62.430548    124.861096
     -1.559371     56.420583     56.420583    112.841165
     -1.530758     50.703987     50.703987    101.407975
     -1.502146     45.711060     45.711060     91.422120
     -1.473534     41.538524     41.538524     83.077048
     -1.444921     38.102868     38.102868     76.205735
     -1.416309     35.284683     35.284683     70.569367
     -1.387697     32.935285     32.935285     65.870569
     -1.359084     30.834318     30.834318     61.668637
     -1.330472     28.712642     28.712642     57.425284
     -1.301860     26.337270     26.337270     52.674539
     -1.273247     23.599177     23.599177     47.198354
     -1.244635     20.565286     20.565286     41.130573
     -1.216023     17.474171     17.474171     34.948342
     -1.187411     14.662962     14.662962     29.325923
     -1.158798     12.434229     12.434229     24.868459
     -1.130186     10.913050     10.913050     21.826100
     -1.101574      9.984952      9.984952     19.969904
     -1.072961      9.379875      9.379875     18.759750
     -1.044349      8.850247      8.850247     17.700494
     -1.015737      8.296126      8.296126     16.592252
     -0.987124      7.746502      7.746502     15.493003
     -0.958512      7.254015      7.254015     14.508031
     -0.929900      6.820363      6.820363     13.640727
     -0.901288      6.394602      6.394602     12.789203
     -0.872675      5.904224      5.904224     11.808449
     -0.844063      5.282774      5.282774     10.565547
     -0.815451      4.497205      4.497205      8.994410
     -0.786838      3.578187      3.578187      7.156375
     -0.758226      2.631071      2.631071      5.262142
     -0.729614      1.806725      1.806725      3.613450
     -0.701001      1.242382      1.242382      2.484764
     -0.672389      1.004535      1.004535      2.009071
     -0.643777      1.060458      1.060458      2.120917
     -0.615165      1.289397      1.289397      2.578795
     -0.586552      1.532426      1.532426      3.064852
     -0.557940      1.661310      1.661310      3.322621
     -0.529328      1.625791      1.625791      3.251582
     -0.500715      1.449106      1.449106      2.898212
     -0.472103      1.187265      1.187265      2.374529
     -0.443491      0.895340      0.895340      1.790680
     -0.414878      0.620268      0.620268      1.240536
     -0.386266      0.404148      0.404148      0.808296
     -0.357654      0.280583      0.280583      0.561167
     -0.329041      0.265235      0.265235      0.530471
     -0.300429      0.347577      0.347577      0.695154
     -0.271817      0.486876      0.486876      0.973753
     -0.243205      0.618457      0.618457      1.236914
     -0.214592      0.677534      0.677534      1.355068
     -0.185980      0.632422      0.632422      1.264844
     -0.157368      0.501568      0.501568      1.003137
     -0.128755      0.337777      0.337777      0.675554
     -0.100143      0.193146      0.193146      0.386292
     -0.071531      0.093892      0.093892      0.187784
     -0.042918      0.039443      0.039443      0.078887
     -0.014306      0.017309      0.017309      0.034619
      0.014306      0.019199      0.019199      0.038397
      0.042918      0.053177      0.053177      0.106353
      0.071531      0.154451      0.154451      0.308902
      0.100143      0.393941      0.393941      0.787882
      0.128755      0.873298      0.873298      1.746596
      0.157368      1.692211      1.692211      3.384421
      0.185980      2.892243      2.892243      5.784486
      0.214592      4.411644      4.411644      8.823287
      0.243205      6.091573      6.091573     12.183146
      0.271817      7.737035      7.737035     15.474070
      0.300429      9.193506      9.193506     18.387012
      0.329041     10.402063     10.402063     20.804127
      0.357654     11.423524     11.423524     22.847047
      0.386266     12.422361     12.422361     24.844722
      0.414878     13.594232     13.594232     27.188464
      0.443491     15.077458     15.077458     30.154916
      0.472103     16.971998     16.971998     33.943996
      0.500715     19.545198     19.545198     39.090397
      0.529328     23.501571     23.501571     47.003142
      0.557940     30.048211     30.048211     60.096421
      0.586552     40.578729     40.578729     81.157458
      0.615165     56.012053     56.012053    112.024106
      0.643777     75.981853     75.981853    151.963706
      0.672389     98.233982     98.233982    196.467965
      0.701001    118.760676    118.760676    237.521351
      0.729614    133.020933    133.020933    266.041867
      0.758226    137.850870    137.850870    275.701739
      0.786838    132.945991    132.945991    265.891981
      0.815451    120.965660    120.965660    241.931320
      0.844063    106.316743    106.316743    212.633487
      0.872675     93.502162     93.502162    187.004324
      0.901288     85.844917     85.844917    171.689834
      0.929900     84.798464     84.798464    169.596928
      0.958512     89.764358     89.764358    179.528715
      0.987124     98.506818     98.506818    197.013636
      1.015737    108.248539    108.248539    216.497079
      1.044349    116.991901    116.991901    233.983803
      1.072961    124.145395    124.145395    248.290790
      1.101574    129.965005    129.965005    259.930009
      1.130186    134.419132    134.419132    268.838265
      1.158798    136.659652    136.659652    273.319303
      1.187411    135.614931    135.614931    271.229862
      1.216023    131.027517    131.027517    262.055034
      1.244635    123.864159    123.864159    247.728318
      1.273247    115.770279    115.770279    231.540559
      1.301860    108.156931    108.156931    216.313861
      1.330472    101.646738    101.646738    203.293475
      1.359084     96.115258     96.115258    192.230516
      1.387697     91.128686     91.128686    182.257372
      1.416309     86.427976     86.427976    172.855952
      1.444921     82.135385     82.135385    164.270770
      1.473534     78.581470     78.581470    157.162940
      1.502146     75.973270     75.973270    151.946540
      1.530758     74.202106     74.202106    148.404212
      1.559371     72.871604     72.871604    145.743209
      1.587983     71.466087     71.466087    142.932175
      1.616595     69.597691     69.597691    139.195382
      1.645207     67.250459     67.250459    134.500917
      1.673820     64.865417     64.865417    129.730834
      1.702432     63.171546     63.171546    126.343092
      1.731044     62.832438     62.832438    125.664876
      1.759657     64.078838     64.078838    128.157677
      1.788269     66.517421     66.517421    133.034843
      1.816881     69.266623     69.266623    138.533245
      1.845494     71.405113     71.405113    142.810226
      1.874106     72.456006     72.456006    144.912013
      1.902718     72.504795     72.504795    145.009591
      1.931330     71.808779     71.808779    143.617559
      1.959943     70.288248     70.288248    140.576495
      1.988555     67.513875     67.513875    135.027749
      2.017167     63.300405     63.300405    126.600810
      2.045780     58.264505     58.264505    116.529011
      2.074392     53.641196     53.641196    107.282393
      2.103004     50.424661     50.424661    100.849322
      2.131617     48.636487     48.636487     97.272974
      2.160229     47.430771     47.430771     94.861543
      2.188841     45.943858     45.943858     91.887717
      2.217454     44.087077     44.087077     88.174154
      2.246066     42.545482     42.545482     85.090963
      2.274678     42.022575     42.022575     84.045149
      2.303290     42.498013     42.498013     84.996026
      2.331903     43.229628     43.229628     86.459256
      2.360515     43.479390     43.479390     86.958780
      2.389127     43.218560     43.218560     86.437120
      2.417740     43.096673     43.096673     86.193346
      2.446352     43.728060     43.728060     87.456119
      2.474964     45.051938     45.051938     90.103876
      2.503577     46.399225     46.399225     92.798450
      2.532189     47.123874     47.123874     94.247747
      2.560801     47.125344     47.125344     94.250689
      2.589413     46.839376     46.839376     93.678753
      2.618026     46.900118     46.900118     93.800236
      2.646638     47.914290     47.914290     95.828579
      2.675250     50.449653     50.449653    100.899307
      2.703863     54.947103     54.947103    109.894207
      2.732475     61.343720     61.343720    122.687439
      2.761087     68.656917     68.656917    137.313833
      2.789700     75.054430     75.054430    150.108861
      2.818312     78.615689     78.615689    157.231377
      2.846924     78.336542     78.336542    156.673083
      2.875536     74.635869     74.635869    149.271737
      2.904149     69.021098     69.021098    138.042195
      2.932761     63.232076     63.232076    126.464153
      2.961373     58.471332     58.471332    116.942664
      2.989986     55.108202     55.108202    110.216404
      3.018598     52.845596     52.845596    105.691191
      3.047210     51.085855     51.085855    102.171710
      3.075823     49.235317     49.235317     98.470633
      3.104435     46.864529     46.864529     93.729058
      3.133047     43.780967     43.780967     87.561933
      3.161660     40.041659     40.041659     80.083318
      3.190272     35.861626     35.861626     71.723251
      3.218884     31.439109     31.439109     62.878218
      3.247496     26.846619     26.846619     53.693238
      3.276109     22.109477     22.109477     44.218954
      3.304721     17.390217     17.390217     34.780434
      3.333333     13.054221     13.054221     26.108441
      3.361946      9.504712      9.504712     19.009423
      3.390558      6.931574      6.931574     13.863148
      3.419170      5.218838      5.218838     10.437676
      3.447783      4.088224      4.088224      8.176448
      3.476395      3.324797      3.324797      6.649594
      3.505007      2.881909      2.881909      5.763818
      3.533619      2.807825      2.807825      5.615650
      3.562232      3.097892      3.097892      6.195784
      3.590844      3.610868      3.610868      7.221737
      3.619456      4.105405      4.105405      8.210809
      3.648069      4.352727      4.352727      8.705453
      3.676681      4.240192      4.240192      8.480383
      3.705293      3.805713      3.805713      7.611426
      3.733906      3.198937      3.198937      6.397873
      3.762518      2.604220      2.604220      5.208439
      3.791130      2.162338      2.162338      4.324677
      3.819742      1.918614      1.918614      3.837227
      3.848355      1.826592      1.826592      3.653185
      3.876967      1.817419      1.817419      3.634838
      3.905579      1.884801      1.884801      3.769601
      3.934192      2.097829      2.097829      4.195658
      3.962804      2.512963      2.512963      5.025926
      3.991416      3.069834      3.069834      6.139667
      4.020029      3.591348      3.591348      7.182696
      4.048641      3.906962      3.906962      7.813923
      4.077253      3.980670      3.980670      7.961339
      4.105866      3.912790      3.912790      7.825580
      4.134478      3.821780      3.821780      7.643559
      4.163090      3.739182      3.739182      7.478365
      4.191702      3.617135      3.617135      7.234270
      4.220315      3.410548      3.410548      6.821096
      4.248927      3.132237      3.132237      6.264473
      4.277539      2.840821      2.840821      5.681642
      4.306152      2.597075      2.597075      5.194151
      4.334764      2.431189      2.431189      4.862378
      4.363376      2.335286      2.335286      4.670572
      4.391989      2.277737      2.277737      4.555474
      4.420601      2.224107      2.224107      4.448215
      4.449213      2.149050      2.149050      4.298101
      4.477825      2.046209      2.046209      4.092418
      4.506438      1.952042      1.952042      3.904084
      4.535050      1.962850      1.962850      3.925699
      4.563662      2.196976      2.196976      4.393951
      4.592275      2.700369      2.700369      5.400738
      4.620887      3.368948      3.368948      6.737895
      4.649499      3.966503      3.966503      7.933005
      4.678112      4.239337      4.239337      8.478673
      4.706724      4.052247      4.052247      8.104494
      4.735336      3.462364      3.462364      6.924728
      4.763948      2.695217      2.695217      5.390433
      4.792561      2.043406      2.043406      4.086812
      4.821173      1.743348      1.743348      3.486695
      4.849785      1.890347      1.890347      3.780693
      4.878398      2.427607      2.427607      4.855213
      4.907010      3.203801      3.203801      6.407603
      4.935622      4.057164      4.057164      8.114328
      4.964235      4.874704      4.874704      9.749407
      4.992847      5.605593      5.605593     11.211186
      5.021459      6.249918      6.249918     12.499837
      5.050072      6.847617      6.847617     13.695235
      5.078684      7.462411      7.462411     14.924823
      5.107296      8.150801      8.150801     16.301601
      5.135908      8.936287      8.936287     17.872573
      5.164521      9.815857      9.815857     19.631715
      5.193133     10.790984     10.790984     21.581969
      5.221745     11.888165     11.888165     23.776331
      5.250358     13.140985     13.140985     26.281971
      5.278970     14.529266     14.529266     29.058532
      5.307582     15.907091     15.907091     31.814183
      5.336195     16.993898     16.993898     33.987796
      5.364807     17.495566     17.495566     34.991133
      5.393419     17.321730     17.321730     34.643459
      5.422031     16.736814     16.736814     33.473628
      5.450644     16.271842     16.271842     32.543685
      5.479256     16.402203     16.402203     32.804407
      5.507868     17.229596     17.229596     34.459192
      5.536481     18.443075     18.443075     36.886150
      5.565093     19.592727     19.592727     39.185453
      5.593705     20.420898     20.420898     40.841797
      5.622318     20.962879     20.962879     41.925758
      5.650930     21.381177     21.381177     42.762355
      5.679542     21.762980     21.762980     43.525960
      5.708155     22.108143     22.108143     44.216287
      5.736767     22.475436     22.475436     44.950871
      5.765379     23.049071     23.049071     46.098142
      5.793991     23.999869     23.999869     47.999738
      5.822604     25.304269     25.304269     50.608538
      5.851216     26.754227     26.754227     53.508455
      5.879828     28.140642     28.140642     56.281284
      5.908441     29.374941     29.374941     58.749882
      5.937053     30.423878     30.423878     60.847756
      5.965665     31.193926     31.193926     62.387853
      5.994278     31.556953     31.556953     63.113907
      6.022890     31.518877     31.518877     63.037753
      6.051502     31.350121     31.350121     62.700242
      6.080114     31.502107     31.502107     63.004214
      6.108727     32.306780     32.306780     64.613561
      6.137339     33.668374     33.668374     67.336748
      6.165951     35.033039     35.033039     70.066078
      6.194564     35.731809     35.731809     71.463619
      6.223176     35.440372     35.440372     70.880744
      6.251788     34.341261     34.341261     68.682521
      6.280401     32.850920     32.850920     65.701840
      6.309013     31.231666     31.231666     62.463332
      6.337625     29.509845     29.509845     59.019690
      6.366237     27.729110     27.729110     55.458220
      6.394850     26.171980     26.171980     52.343960
      6.423462     25.265201     25.265201     50.530402
      6.452074     25.286461     25.286461     50.572922
      6.480687     26.182816     26.182816     52.365632
      6.509299     27.622221     27.622221     55.244443
      6.537911     29.155940     29.155940     58.311879
      6.566524     30.365096     30.365096     60.730192
      6.595136     30.987223     30.987223     61.974446
      6.623748     31.020367     31.020367     62.040734
      6.652361     30.719673     30.719673     61.439346
      6.680973     30.449154     30.449154     60.898308
      6.709585     30.503158     30.503158     61.006316
      6.738197     31.027353     31.027353     62.054706
      6.766810     32.023244     32.023244     64.046489
      6.795422     33.351503     33.351503     66.703006
      6.824034     34.744045     34.744045     69.488090
      6.852647     35.896221     35.896221     71.792443
      6.881259     36.615386     36.615386     73.230773
      6.909871     36.907298     36.907298     73.814596
      6.938484     36.943974     36.943974     73.887947
      6.967096     36.972086     36.972086     73.944172
      6.995708     37.229116     37.229116     74.458232
      7.024320     37.887767     37.887767     75.775533
      7.052933     39.055499     39.055499     78.110999
      7.081545     40.843376     40.843376     81.686753
      7.110157     43.419390     43.419390     86.838780
      7.138770     46.928087     46.928087     93.856174
      7.167382     51.301959     51.301959    102.603918
      7.195994     56.126850     56.126850    112.253701
      7.224607     60.670724     60.670724    121.341447
      7.253219     64.066465     64.066465    128.132930
      7.281831     65.613994     65.613994    131.227989
      7.310443     65.135331     65.135331    130.270663
      7.339056     63.188385     63.188385    126.376770
      7.367668     60.906437     60.906437    121.812873
      7.396280     59.450926     59.450926    118.901852
      7.424893     59.388400     59.388400    118.776799
      7.453505     60.423441     60.423441    120.846882
      7.482117     61.701376     61.701376    123.402753
      7.510730     62.469627     62.469627    124.939254
      7.539342     62.587970     62.587970    125.175941
      7.567954     62.494375     62.494375    124.988749
      7.596567     62.696633     62.696633    125.393265
      7.625179     63.259964     63.259964    126.519927
      7.653791     63.740969     63.740969    127.481938
      7.682403     63.610577     63.610577    127.221154
      7.711016     62.783540     62.783540    125.567080
      7.739628     61.800477     61.800477    123.600954
      7.768240     61.527048     61.527048    123.054097
      7.796853     62.628894     62.628894    125.257788
      7.825465     65.208845     65.208845    130.417690
      7.854077     68.790114     68.790114    137.580228
      7.882690     72.531658     72.531658    145.063316
      7.911302     75.478790     75.478790    150.957579
      7.939914     76.814550     76.814550    153.629099
      7.968526     76.163233     76.163233    152.326466
      7.997139     73.818780     73.818780    147.637560
      8.025751     70.637775     70.637775    141.275551
      8.054363     67.571030     67.571030    135.142060
      8.082976     65.164417     65.164417    130.328833
      8.111588     63.385832     63.385832    126.771663
      8.140200     61.836147     61.836147    123.672294
      8.168813     60.133619     60.133619    120.267238
      8.197425     58.206771     58.206771    116.413543
      8.226037     56.327413     56.327413    112.654826
      8.254649     54.880524     54.880524    109.761047
      8.283262     54.035525     54.035525    108.071049
      8.311874     53.555410     53.555410    107.110819
      8.340486     52.889942     52.889942    105.779884
      8.369099     51.493238     51.493238    102.986475
      8.397711     49.145266     49.145266     98.290532
      8.426323     46.089822     46.089822     92.179644
      8.454936     42.967506     42.967506     85.935013
      8.483548     40.608821     40.608821     81.217643
      8.512160     39.726465     39.726465     79.452930
      8.540773     40.580073     40.580073     81.160146
      8.569385     42.798697     42.798697     85.597394
      8.597997     45.536508     45.536508     91.073016
      8.626609     47.931517     47.931517     95.863035
      8.655222     49.599633     49.599633     99.199266
      8.683834     50.823578     50.823578    101.647156
      8.712446     52.281025     52.281025    104.562050
      8.741059     54.513518     54.513518    109.027035
      8.769671     57.563100     57.563100    115.126199
      8.798283     61.039617     61.039617    122.079233
      8.826896     64.482656     64.482656    128.965312
      8.855508     67.668329     67.668329    135.336659
      8.884120     70.648706     70.648706    141.297412
      8.912732     73.572701     73.572701    147.145402
      8.941345     76.460999     76.460999    152.921997
      8.969957     79.074444     79.074444    158.148888
      8.998569     80.942543     80.942543    161.885086
      9.027182     81.564617     81.564617    163.129234
      9.055794     80.735745     80.735745    161.471490
      9.084406     78.856642     78.856642    157.713284
      9.113019     77.002288     77.002288    154.004576
      9.141631     76.572954     76.572954    153.145908
      9.170243     78.612199     78.612199    157.224398
      9.198856     83.175069     83.175069    166.350138
      9.227468     89.150432     89.150432    178.300865
      9.256080     94.655503     94.655503    189.311007
      9.284692     97.821886     97.821886    195.643772
      9.313305     97.633952     97.633952    195.267903
      9.341917     94.397644     94.397644    188.795288
      9.370529     89.511192     89.511192    179.022383
      9.399142     84.629134     84.629134    169.258269
      9.427754     80.779745     80.779745    161.559490
      9.456366     78.027202     78.027202    156.054405
      9.484979     75.822718     75.822718    151.645436
      9.513591     73.675797     73.675797    147.351593
      9.542203     71.583580     71.583580    143.167159
      9.570815     69.904321     69.904321    139.808642
      9.599428     68.863528     68.863528    137.727056
      9.628040     68.197079     68.197079    136.394158
      9.656652     67.263393     67.263393    134.526786
      9.685265     65.502732     65.502732    131.005464
      9.713877     62.849347     62.849347    125.698693
      9.742489     59.800620     59.800620    119.601240
      9.771102     57.135429     57.135429    114.270857
      9.799714     55.494583     55.494583    110.989166
      9.828326     55.077074     55.077074    110.154147
      9.856938     55.608217     55.608217    111.216435
      9.885551     56.586098     56.586098    113.172196
      9.914163     57.648267     57.648267    115.296535
      9.942775     58.776845     58.776845    117.553691
      9.971388     60.133907     60.133907    120.267815
     10.000000     61.651322     61.651322    123.302644
