# EIG2DOS: Utility for SIESTA to obtain the electronic density of states
#  E. Artacho, Apr 1999, A. Garcia, Apr 2012
# ------------------------------------------
# Eigenvalues read from 3mos2-1graphene.EIG
# Using smearing parameter:   0.100
# Using    700 points in energy range
# Selected bands: 1 to: 2618
# Emin, emax in file for selected band(s):    -22.6109500    143.1606900
# Nbands, Nspin, Nk   =   2618     1    25
# E_F                 =    -4.6563 eV --> (shifted to ZERO)
# Broadening          =     0.1000 eV
#
#        E            N(up)  (=)   N(down)         Ntot
    -10.000000      3.386415      3.386415      6.772830
     -9.971388      3.093071      3.093071      6.186142
     -9.942775      2.829128      2.829128      5.658256
     -9.914163      2.767121      2.767121      5.534243
     -9.885551      3.045007      3.045007      6.090013
     -9.856938      3.638386      3.638386      7.276773
     -9.828326      4.337312      4.337312      8.674624
     -9.799714      4.852305      4.852305      9.704610
     -9.771102      4.966795      4.966795      9.933591
     -9.742489      4.627915      4.627915      9.255831
     -9.713877      3.937698      3.937698      7.875396
     -9.685265      3.089169      3.089169      6.178338
     -9.656652      2.305892      2.305892      4.611784
     -9.628040      1.799852      1.799852      3.599704
     -9.599428      1.729438      1.729438      3.458876
     -9.570815      2.148134      2.148134      4.296268
     -9.542203      2.961779      2.961779      5.923558
     -9.513591      3.928454      3.928454      7.856908
     -9.484979      4.726567      4.726567      9.453135
     -9.456366      5.078944      5.078944     10.157887
     -9.427754      4.872059      4.872059      9.744118
     -9.399142      4.196777      4.196777      8.393554
     -9.370529      3.288518      3.288518      6.577036
     -9.341917      2.420378      2.420378      4.840756
     -9.313305      1.824851      1.824851      3.649702
     -9.284692      1.666886      1.666886      3.333773
     -9.256080      2.028456      2.028456      4.056911
     -9.227468      2.866140      2.866140      5.732280
     -9.198856      3.966052      3.966052      7.932104
     -9.170243      4.971194      4.971194      9.942388
     -9.141631      5.524283      5.524283     11.048567
     -9.113019      5.462513      5.462513     10.925026
     -9.084406      4.921443      4.921443      9.842887
     -9.055794      4.253204      4.253204      8.506407
     -9.027182      3.812777      3.812777      7.625553
     -8.998569      3.774332      3.774332      7.548664
     -8.969957      4.102542      4.102542      8.205083
     -8.941345      4.657059      4.657059      9.314118
     -8.912732      5.293405      5.293405     10.586810
     -8.884120      5.863510      5.863510     11.727019
     -8.855508      6.176223      6.176223     12.352446
     -8.826896      6.051022      6.051022     12.102043
     -8.798283      5.468339      5.468339     10.936678
     -8.769671      4.651851      4.651851      9.303702
     -8.741059      3.955292      3.955292      7.910585
     -8.712446      3.639341      3.639341      7.278681
     -8.683834      3.746005      3.746005      7.492009
     -8.655222      4.165084      4.165084      8.330169
     -8.626609      4.782895      4.782895      9.565790
     -8.597997      5.537954      5.537954     11.075907
     -8.569385      6.339652      6.339652     12.679304
     -8.540773      6.977883      6.977883     13.955766
     -8.512160      7.173460      7.173460     14.346920
     -8.483548      6.767006      6.767006     13.534011
     -8.454936      5.880061      5.880061     11.760122
     -8.426323      4.882293      4.882293      9.764586
     -8.397711      4.171095      4.171095      8.342190
     -8.369099      3.943735      3.943735      7.887470
     -8.340486      4.141929      4.141929      8.283858
     -8.311874      4.579552      4.579552      9.159103
     -8.283262      5.103669      5.103669     10.207339
     -8.254649      5.641988      5.641988     11.283977
     -8.226037      6.132219      6.132219     12.264438
     -8.197425      6.452853      6.452853     12.905705
     -8.168813      6.458813      6.458813     12.917627
     -8.140200      6.096802      6.096802     12.193604
     -8.111588      5.476339      5.476339     10.952677
     -8.082976      4.816036      4.816036      9.632072
     -8.054363      4.320982      4.320982      8.641964
     -8.025751      4.110538      4.110538      8.221075
     -7.997139      4.234436      4.234436      8.468872
     -7.968526      4.705525      4.705525      9.411050
     -7.939914      5.477566      5.477566     10.955133
     -7.911302      6.389016      6.389016     12.778031
     -7.882690      7.159973      7.159973     14.319947
     -7.854077      7.498446      7.498446     14.996892
     -7.825465      7.269313      7.269313     14.538627
     -7.796853      6.594960      6.594960     13.189920
     -7.768240      5.783858      5.783858     11.567715
     -7.739628      5.126376      5.126376     10.252752
     -7.711016      4.726917      4.726917      9.453834
     -7.682403      4.512964      4.512964      9.025929
     -7.653791      4.391471      4.391471      8.782941
     -7.625179      4.387168      4.387168      8.774336
     -7.596567      4.628296      4.628296      9.256592
     -7.567954      5.196665      5.196665     10.393330
     -7.539342      5.986343      5.986343     11.972685
     -7.510730      6.712629      6.712629     13.425257
     -7.482117      7.079576      7.079576     14.159152
     -7.453505      6.967286      6.967286     13.934571
     -7.424893      6.487352      6.487352     12.974703
     -7.396280      5.885278      5.885278     11.770556
     -7.367668      5.392536      5.392536     10.785072
     -7.339056      5.132981      5.132981     10.265961
     -7.310443      5.110405      5.110405     10.220809
     -7.281831      5.245098      5.245098     10.490195
     -7.253219      5.422193      5.422193     10.844386
     -7.224607      5.537756      5.537756     11.075512
     -7.195994      5.544584      5.544584     11.089169
     -7.167382      5.489032      5.489032     10.978064
     -7.138770      5.505291      5.505291     11.010582
     -7.110157      5.736681      5.736681     11.473362
     -7.081545      6.211898      6.211898     12.423796
     -7.052933      6.776063      6.776063     13.552127
     -7.024320      7.169273      7.169273     14.338546
     -6.995708      7.227640      7.227640     14.455280
     -6.967096      7.053145      7.053145     14.106291
     -6.938484      6.996103      6.996103     13.992206
     -6.909871      7.438064      7.438064     14.876129
     -6.881259      8.533746      8.533746     17.067493
     -6.852647     10.119199     10.119199     20.238398
     -6.824034     11.866768     11.866768     23.733537
     -6.795422     13.564214     13.564214     27.128427
     -6.766810     15.295828     15.295828     30.591656
     -6.738197     17.392984     17.392984     34.785969
     -6.709585     20.204910     20.204910     40.409819
     -6.680973     23.861838     23.861838     47.723676
     -6.652361     28.188173     28.188173     56.376345
     -6.623748     32.797089     32.797089     65.594179
     -6.595136     37.265096     37.265096     74.530193
     -6.566524     41.271230     41.271230     82.542460
     -6.537911     44.677226     44.677226     89.354452
     -6.509299     47.564390     47.564390     95.128780
     -6.480687     50.190787     50.190787    100.381575
     -6.452074     52.848386     52.848386    105.696771
     -6.423462     55.736212     55.736212    111.472424
     -6.394850     59.004154     59.004154    118.008307
     -6.366237     62.906531     62.906531    125.813062
     -6.337625     67.784880     67.784880    135.569759
     -6.309013     73.758900     73.758900    147.517801
     -6.280401     80.431654     80.431654    160.863308
     -6.251788     87.012080     87.012080    174.024159
     -6.223176     92.794518     92.794518    185.589037
     -6.194564     97.497282     97.497282    194.994564
     -6.165951    101.149384    101.149384    202.298767
     -6.137339    103.751652    103.751652    207.503304
     -6.108727    105.115050    105.115050    210.230099
     -6.080114    104.978068    104.978068    209.956136
     -6.051502    103.221585    103.221585    206.443169
     -6.022890    100.023583    100.023583    200.047166
     -5.994278     95.922119     95.922119    191.844238
     -5.965665     91.749725     91.749725    183.499451
     -5.937053     88.349358     88.349358    176.698715
     -5.908441     86.095114     86.095114    172.190229
     -5.879828     84.515871     84.515871    169.031742
     -5.851216     82.442712     82.442712    164.885425
     -5.822604     78.770214     78.770214    157.540428
     -5.793991     73.322366     73.322366    146.644732
     -5.765379     67.079562     67.079562    134.159124
     -5.736767     61.512790     61.512790    123.025580
     -5.708155     57.559142     57.559142    115.118285
     -5.679542     55.082827     55.082827    110.165653
     -5.650930     53.199490     53.199490    106.398980
     -5.622318     51.066244     51.066244    102.132488
     -5.593705     48.416082     48.416082     96.832163
     -5.565093     45.504691     45.504691     91.009383
     -5.536481     42.724083     42.724083     85.448166
     -5.507868     40.302838     40.302838     80.605677
     -5.479256     38.266167     38.266167     76.532333
     -5.450644     36.572690     36.572690     73.145380
     -5.422031     35.264864     35.264864     70.529728
     -5.393419     34.515086     34.515086     69.030171
     -5.364807     34.568292     34.568292     69.136584
     -5.336195     35.682146     35.682146     71.364292
     -5.307582     38.129284     38.129284     76.258568
     -5.278970     42.207877     42.207877     84.415753
     -5.250358     48.174223     48.174223     96.348446
     -5.221745     56.076762     56.076762    112.153524
     -5.193133     65.538266     65.538266    131.076532
     -5.164521     75.614162     75.614162    151.228325
     -5.135908     84.947342     84.947342    169.894684
     -5.107296     92.334903     92.334903    184.669805
     -5.078684     97.417865     97.417865    194.835730
     -5.050072    100.893051    100.893051    201.786101
     -5.021459    103.934512    103.934512    207.869024
     -4.992847    107.245234    107.245234    214.490469
     -4.964235    110.548578    110.548578    221.097156
     -4.935622    112.898674    112.898674    225.797347
     -4.907010    113.405945    113.405945    226.811891
     -4.878398    111.694492    111.694492    223.388984
     -4.849785    107.850742    107.850742    215.701485
     -4.821173    102.173911    102.173911    204.347823
     -4.792561     95.085014     95.085014    190.170028
     -4.763948     87.186014     87.186014    174.372027
     -4.735336     79.222491     79.222491    158.444983
     -4.706724     71.859777     71.859777    143.719553
     -4.678112     65.480552     65.480552    130.961103
     -4.649499     60.256985     60.256985    120.513970
     -4.620887     56.475046     56.475046    112.950092
     -4.592275     54.780705     54.780705    109.561409
     -4.563662     55.987638     55.987638    111.975277
     -4.535050     60.421690     60.421690    120.843380
     -4.506438     67.280584     67.280584    134.561168
     -4.477825     74.695038     74.695038    149.390077
     -4.449213     80.701855     80.701855    161.403711
     -4.420601     84.461032     84.461032    168.922064
     -4.391989     86.677799     86.677799    173.355597
     -4.363376     88.855412     88.855412    177.710825
     -4.334764     92.082461     92.082461    184.164921
     -4.306152     96.413931     96.413931    192.827862
     -4.277539    101.195828    101.195828    202.391655
     -4.248927    105.721180    105.721180    211.442359
     -4.220315    109.438442    109.438442    218.876884
     -4.191702    111.680289    111.680289    223.360578
     -4.163090    111.562110    111.562110    223.124220
     -4.134478    108.430999    108.430999    216.861997
     -4.105866    102.437619    102.437619    204.875237
     -4.077253     94.582309     94.582309    189.164618
     -4.048641     86.189269     86.189269    172.378539
     -4.020029     78.335959     78.335959    156.671918
     -3.991416     71.673523     71.673523    143.347045
     -3.962804     66.579886     66.579886    133.159773
     -3.934192     63.277899     63.277899    126.555798
     -3.905579     61.698161     61.698161    123.396322
     -3.876967     61.278125     61.278125    122.556250
     -3.848355     61.078823     61.078823    122.157646
     -3.819742     60.280736     60.280736    120.561472
     -3.791130     58.641836     58.641836    117.283673
     -3.762518     56.488546     56.488546    112.977092
     -3.733906     54.310723     54.310723    108.621447
     -3.705293     52.415945     52.415945    104.831889
     -3.676681     50.920983     50.920983    101.841967
     -3.648069     49.926992     49.926992     99.853984
     -3.619456     49.598040     49.598040     99.196080
     -3.590844     50.087466     50.087466    100.174931
     -3.562232     51.436982     51.436982    102.873965
     -3.533619     53.523081     53.523081    107.046163
     -3.505007     56.040232     56.040232    112.080464
     -3.476395     58.529160     58.529160    117.058319
     -3.447783     60.477894     60.477894    120.955787
     -3.419170     61.484572     61.484572    122.969145
     -3.390558     61.439748     61.439748    122.879496
     -3.361946     60.661441     60.661441    121.322882
     -3.333333     59.880856     59.880856    119.761712
     -3.304721     60.016129     60.016129    120.032258
     -3.276109     61.814993     61.814993    123.629985
     -3.247496     65.560912     65.560912    131.121825
     -3.218884     70.991797     70.991797    141.983595
     -3.190272     77.410094     77.410094    154.820187
     -3.161660     83.852889     83.852889    167.705778
     -3.133047     89.274428     89.274428    178.548856
     -3.104435     92.816034     92.816034    185.632069
     -3.075823     94.137592     94.137592    188.275183
     -3.047210     93.567633     93.567633    187.135266
     -3.018598     91.877480     91.877480    183.754960
     -2.989986     89.817214     89.817214    179.634427
     -2.961373     87.757162     87.757162    175.514325
     -2.932761     85.658291     85.658291    171.316582
     -2.904149     83.359883     83.359883    166.719765
     -2.875536     80.976338     80.976338    161.952676
     -2.846924     79.037487     79.037487    158.074973
     -2.818312     78.106131     78.106131    156.212262
     -2.789700     78.137331     78.137331    156.274662
     -2.761087     78.288716     78.288716    156.577432
     -2.732475     77.521083     77.521083    155.042166
     -2.703863     75.432694     75.432694    150.865388
     -2.675250     72.482587     72.482587    144.965174
     -2.646638     69.465955     69.465955    138.931911
     -2.618026     66.890243     66.890243    133.780485
     -2.589413     64.838988     64.838988    129.677976
     -2.560801     63.238059     63.238059    126.476119
     -2.532189     62.059182     62.059182    124.118363
     -2.503577     61.258256     61.258256    122.516511
     -2.474964     60.661238     60.661238    121.322475
     -2.446352     60.040768     60.040768    120.081536
     -2.417740     59.336178     59.336178    118.672356
     -2.389127     58.778744     58.778744    117.557489
     -2.360515     58.782445     58.782445    117.564890
     -2.331903     59.673559     59.673559    119.347118
     -2.303290     61.434183     61.434183    122.868365
     -2.274678     63.597694     63.597694    127.195387
     -2.246066     65.366164     65.366164    130.732328
     -2.217454     65.957149     65.957149    131.914298
     -2.188841     65.068336     65.068336    130.136673
     -2.160229     63.201210     63.201210    126.402421
     -2.131617     61.580082     61.580082    123.160165
     -2.103004     61.629851     61.629851    123.259702
     -2.074392     64.286911     64.286911    128.573822
     -2.045780     69.554506     69.554506    139.109013
     -2.017167     76.536204     76.536204    153.072409
     -1.988555     83.825387     83.825387    167.650775
     -1.959943     89.942173     89.942173    179.884345
     -1.931330     93.659291     93.659291    187.318581
     -1.902718     94.271429     94.271429    188.542859
     -1.874106     91.814181     91.814181    183.628362
     -1.845494     87.064660     87.064660    174.129321
     -1.816881     81.213599     81.213599    162.427198
     -1.788269     75.372925     75.372925    150.745851
     -1.759657     70.223247     70.223247    140.446494
     -1.731044     65.960286     65.960286    131.920573
     -1.702432     62.468651     62.468651    124.937302
     -1.673820     59.547556     59.547556    119.095113
     -1.645207     57.038634     57.038634    114.077269
     -1.616595     54.796456     54.796456    109.592912
     -1.587983     52.581708     52.581708    105.163416
     -1.559371     50.053121     50.053121    100.106241
     -1.530758     46.934914     46.934914     93.869827
     -1.502146     43.210866     43.210866     86.421732
     -1.473534     39.136438     39.136438     78.272876
     -1.444921     35.057931     35.057931     70.115862
     -1.416309     31.219629     31.219629     62.439257
     -1.387697     27.705183     27.705183     55.410365
     -1.359084     24.500693     24.500693     49.001387
     -1.330472     21.585964     21.585964     43.171928
     -1.301860     18.987165     18.987165     37.974331
     -1.273247     16.775540     16.775540     33.551079
     -1.244635     15.029824     15.029824     30.059648
     -1.216023     13.791249     13.791249     27.582499
     -1.187411     13.024458     13.024458     26.048917
     -1.158798     12.580297     12.580297     25.160594
     -1.130186     12.182826     12.182826     24.365652
     -1.101574     11.503637     11.503637     23.007274
     -1.072961     10.339585     10.339585     20.679170
     -1.044349      8.775626      8.775626     17.551252
     -1.015737      7.164059      7.164059     14.328118
     -0.987124      5.899719      5.899719     11.799439
     -0.958512      5.171184      5.171184     10.342368
     -0.929900      4.886889      4.886889      9.773777
     -0.901288      4.801107      4.801107      9.602213
     -0.872675      4.700473      4.700473      9.400946
     -0.844063      4.504237      4.504237      9.008474
     -0.815451      4.240958      4.240958      8.481915
     -0.786838      3.966429      3.966429      7.932858
     -0.758226      3.705117      3.705117      7.410234
     -0.729614      3.443762      3.443762      6.887525
     -0.701001      3.152062      3.152062      6.304124
     -0.672389      2.801507      2.801507      5.603014
     -0.643777      2.378665      2.378665      4.757330
     -0.615165      1.897647      1.897647      3.795293
     -0.586552      1.405840      1.405840      2.811679
     -0.557940      0.974852      0.974852      1.949704
     -0.529328      0.679708      0.679708      1.359417
     -0.500715      0.575664      0.575664      1.151328
     -0.472103      0.677260      0.677260      1.354521
     -0.443491      0.942119      0.942119      1.884237
     -0.414878      1.271325      1.271325      2.542650
     -0.386266      1.541649      1.541649      3.083297
     -0.357654      1.660737      1.660737      3.321474
     -0.329041      1.605476      1.605476      3.210952
     -0.300429      1.413356      1.413356      2.826712
     -0.271817      1.144110      1.144110      2.288220
     -0.243205      0.852492      0.852492      1.704983
     -0.214592      0.585946      0.585946      1.171893
     -0.185980      0.389615      0.389615      0.779230
     -0.157368      0.304707      0.304707      0.609413
     -0.128755      0.363073      0.363073      0.726145
     -0.100143      0.581180      0.581180      1.162361
     -0.071531      0.951077      0.951077      1.902154
     -0.042918      1.433226      1.433226      2.866452
     -0.014306      1.964916      1.964916      3.929831
      0.014306      2.487483      2.487483      4.974966
      0.042918      2.974677      2.974677      5.949354
      0.071531      3.442266      3.442266      6.884532
      0.100143      3.939520      3.939520      7.879039
      0.128755      4.536231      4.536231      9.072463
      0.157368      5.306844      5.306844     10.613688
      0.185980      6.301733      6.301733     12.603466
      0.214592      7.516433      7.516433     15.032865
      0.243205      8.904010      8.904010     17.808021
      0.271817     10.465803     10.465803     20.931606
      0.300429     12.382849     12.382849     24.765698
      0.329041     15.081568     15.081568     30.163137
      0.357654     19.143383     19.143383     38.286765
      0.386266     25.058320     25.058320     50.116641
      0.414878     32.910509     32.910509     65.821019
      0.443491     42.142203     42.142203     84.284406
      0.472103     51.585651     51.585651    103.171301
      0.500715     59.903053     59.903053    119.806106
      0.529328     66.313528     66.313528    132.627056
      0.557940     71.126001     71.126001    142.252003
      0.586552     75.559466     75.559466    151.118932
      0.615165     80.871314     80.871314    161.742628
      0.643777     87.497865     87.497865    174.995731
      0.672389     94.944260     94.944260    189.888520
      0.701001    102.388380    102.388380    204.776761
      0.729614    109.222945    109.222945    218.445889
      0.758226    114.944158    114.944158    229.888317
      0.786838    118.716914    118.716914    237.433827
      0.815451    119.467945    119.467945    238.935890
      0.844063    116.755360    116.755360    233.510720
      0.872675    111.600470    111.600470    223.200940
      0.901288    106.265032    106.265032    212.530064
      0.929900    102.955237    102.955237    205.910475
      0.958512    102.543330    102.543330    205.086661
      0.987124    104.387111    104.387111    208.774222
      1.015737    107.232325    107.232325    214.464649
      1.044349    110.210373    110.210373    220.420745
      1.072961    113.070698    113.070698    226.141395
      1.101574    115.706323    115.706323    231.412647
      1.130186    117.663051    117.663051    235.326102
      1.158798    118.135372    118.135372    236.270744
      1.187411    116.380169    116.380169    232.760338
      1.216023    112.170614    112.170614    224.341227
      1.244635    106.005223    106.005223    212.010445
      1.273247     98.995272     98.995272    197.990544
      1.301860     92.473191     92.473191    184.946382
      1.330472     87.453619     87.453619    174.907238
      1.359084     84.191216     84.191216    168.382432
      1.387697     82.098220     82.098220    164.196440
      1.416309     80.124708     80.124708    160.249416
      1.444921     77.446320     77.446320    154.892640
      1.473534     74.069424     74.069424    148.138847
      1.502146     70.889887     70.889887    141.779774
      1.530758     69.020503     69.020503    138.041006
      1.559371     68.808152     68.808152    137.616304
      1.587983     69.396015     69.396015    138.792029
      1.616595     69.363342     69.363342    138.726683
      1.645207     67.985210     67.985210    135.970420
      1.673820     65.930583     65.930583    131.861166
      1.702432     64.647049     64.647049    129.294098
      1.731044     64.977096     64.977096    129.954191
      1.759657     66.363354     66.363354    132.726709
      1.788269     67.416247     67.416247    134.832495
      1.816881     67.240941     67.240941    134.481882
      1.845494     66.188930     66.188930    132.377860
      1.874106     65.334470     65.334470    130.668940
      1.902718     65.277756     65.277756    130.555513
      1.931330     65.492908     65.492908    130.985817
      1.959943     64.796488     64.796488    129.592976
      1.988555     62.388149     62.388149    124.776297
      2.017167     58.485640     58.485640    116.971281
      2.045780     54.115311     54.115311    108.230622
      2.074392     50.395630     50.395630    100.791261
      2.103004     47.926922     47.926922     95.853845
      2.131617     46.637318     46.637318     93.274635
      2.160229     46.044541     46.044541     92.089081
      2.188841     45.672682     45.672682     91.345364
      2.217454     45.341725     45.341725     90.683450
      2.246066     45.169573     45.169573     90.339146
      2.274678     45.338810     45.338810     90.677620
      2.303290     45.854089     45.854089     91.708178
      2.331903     46.494183     46.494183     92.988365
      2.360515     46.972271     46.972271     93.944541
      2.389127     47.161430     47.161430     94.322860
      2.417740     47.227261     47.227261     94.454521
      2.446352     47.572729     47.572729     95.145457
      2.474964     48.594249     48.594249     97.188499
      2.503577     50.383243     50.383243    100.766486
      2.532189     52.606745     52.606745    105.213491
      2.560801     54.712401     54.712401    109.424801
      2.589413     56.327626     56.327626    112.655252
      2.618026     57.513163     57.513163    115.026327
      2.646638     58.639323     58.639323    117.278646
      2.675250     60.001947     60.001947    120.003893
      2.703863     61.538566     61.538566    123.077133
      2.732475     62.903320     62.903320    125.806639
      2.761087     63.801243     63.801243    127.602485
      2.789700     64.207121     64.207121    128.414242
      2.818312     64.216415     64.216415    128.432831
      2.846924     63.723423     63.723423    127.446847
      2.875536     62.371876     62.371876    124.743753
      2.904149     59.901011     59.901011    119.802023
      2.932761     56.487866     56.487866    112.975732
      2.961373     52.661479     52.661479    105.322959
      2.989986     48.878253     48.878253     97.756506
      3.018598     45.226210     45.226210     90.452421
      3.047210     41.531817     41.531817     83.063634
      3.075823     37.689193     37.689193     75.378387
      3.104435     33.851133     33.851133     67.702266
      3.133047     30.326617     30.326617     60.653233
      3.161660     27.329363     27.329363     54.658726
      3.190272     24.823743     24.823743     49.647487
      3.218884     22.577009     22.577009     45.154018
      3.247496     20.325088     20.325088     40.650177
      3.276109     17.894020     17.894020     35.788039
      3.304721     15.226525     15.226525     30.453050
      3.333333     12.380573     12.380573     24.761146
      3.361946      9.540381      9.540381     19.080762
      3.390558      6.983688      6.983688     13.967375
      3.419170      4.965355      4.965355      9.930711
      3.447783      3.597186      3.597186      7.194372
      3.476395      2.834237      2.834237      5.668473
      3.505007      2.556885      2.556885      5.113770
      3.533619      2.635775      2.635775      5.271550
      3.562232      2.921572      2.921572      5.843143
      3.590844      3.222523      3.222523      6.445046
      3.619456      3.352219      3.352219      6.704439
      3.648069      3.233771      3.233771      6.467542
      3.676681      2.963098      2.963098      5.926196
      3.705293      2.757298      2.757298      5.514596
      3.733906      2.813057      2.813057      5.626114
      3.762518      3.175784      3.175784      6.351568
      3.791130      3.708621      3.708621      7.417241
      3.819742      4.172793      4.172793      8.345586
      3.848355      4.357573      4.357573      8.715145
      3.876967      4.178831      4.178831      8.357663
      3.905579      3.699942      3.699942      7.399885
      3.934192      3.083000      3.083000      6.166000
      3.962804      2.509324      2.509324      5.018649
      3.991416      2.104341      2.104341      4.208681
      4.020029      1.894013      1.894013      3.788027
      4.048641      1.821234      1.821234      3.642467
      4.077253      1.823636      1.823636      3.647271
      4.105866      1.911364      1.911364      3.822728
      4.134478      2.160049      2.160049      4.320097
      4.163090      2.610613      2.610613      5.221225
      4.191702      3.176702      3.176702      6.353405
      4.220315      3.670832      3.670832      7.341663
      4.248927      3.940194      3.940194      7.880387
      4.277539      3.978388      3.978388      7.956775
      4.306152      3.899265      3.899265      7.798529
      4.334764      3.809892      3.809892      7.619783
      4.363376      3.723018      3.723018      7.446036
      4.391989      3.585248      3.585248      7.170496
      4.420601      3.360986      3.360986      6.721972
      4.449213      3.074649      3.074649      6.149298
      4.477825      2.788573      2.788573      5.577147
      4.506438      2.559170      2.559170      5.118340
      4.535050      2.408909      2.408909      4.817817
      4.563662      2.323814      2.323814      4.647628
      4.592275      2.270799      2.270799      4.541598
      4.620887      2.218642      2.218642      4.437284
      4.649499      2.150758      2.150758      4.301516
      4.678112      2.081850      2.081850      4.163700
      4.706724      2.088886      2.088886      4.177773
      4.735336      2.321678      2.321678      4.643357
      4.763948      2.940262      2.940262      5.880525
      4.792561      3.990003      3.990003      7.980006
      4.821173      5.308379      5.308379     10.616759
      4.849785      6.558899      6.558899     13.117797
      4.878398      7.398495      7.398495     14.796989
      4.907010      7.683327      7.683327     15.366653
      4.935622      7.575840      7.575840     15.151680
      4.964235      7.460201      7.460201     14.920401
      4.992847      7.695850      7.695850     15.391701
      5.021459      8.373716      8.373716     16.747433
      5.050072      9.266442      9.266442     18.532885
      5.078684     10.026881     10.026881     20.053762
      5.107296     10.488742     10.488742     20.977485
      5.135908     10.826831     10.826831     21.653662
      5.164521     11.426462     11.426462     22.852924
      5.193133     12.544167     12.544167     25.088333
      5.221745     14.043151     14.043151     28.086302
      5.250358     15.453020     15.453020     30.906041
      5.278970     16.321155     16.321155     32.642310
      5.307582     16.559715     16.559715     33.119430
      5.336195     16.510081     16.510081     33.020161
      5.364807     16.697458     16.697458     33.394917
      5.393419     17.474449     17.474449     34.948899
      5.422031     18.791748     18.791748     37.583495
      5.450644     20.221612     20.221612     40.443224
      5.479256     21.208905     21.208905     42.417811
      5.507868     21.405268     21.405268     42.810536
      5.536481     20.882526     20.882526     41.765053
      5.565093     20.077741     20.077741     40.155482
      5.593705     19.516037     19.516037     39.032074
      5.622318     19.532286     19.532286     39.064571
      5.650930     20.167744     20.167744     40.335488
      5.679542     21.221648     21.221648     42.443296
      5.708155     22.354475     22.354475     44.708951
      5.736767     23.220931     23.220931     46.441862
      5.765379     23.648028     23.648028     47.296055
      5.793991     23.771954     23.771954     47.543909
      5.822604     23.978845     23.978845     47.957690
      5.851216     24.623150     24.623150     49.246299
      5.879828     25.725227     25.725227     51.450453
      5.908441     26.918970     26.918970     53.837941
      5.937053     27.720240     27.720240     55.440479
      5.965665     27.900249     27.900249     55.800497
      5.994278     27.658814     27.658814     55.317628
      6.022890     27.479665     27.479665     54.959329
      6.051502     27.817462     27.817462     55.634924
      6.080114     28.857163     28.857163     57.714325
      6.108727     30.450521     30.450521     60.901043
      6.137339     32.171474     32.171474     64.342948
      6.165951     33.428697     33.428697     66.857393
      6.194564     33.657504     33.657504     67.315008
      6.223176     32.593964     32.593964     65.187928
      6.251788     30.501534     30.501534     61.003067
      6.280401     28.148182     28.148182     56.296365
      6.309013     26.456833     26.456833     52.913667
      6.337625     26.017422     26.017422     52.034844
      6.366237     26.806886     26.806886     53.613772
      6.394850     28.305963     28.305963     56.611927
      6.423462     29.859069     29.859069     59.718138
      6.452074     30.965862     30.965862     61.931723
      6.480687     31.361254     31.361254     62.722509
      6.509299     30.982650     30.982650     61.965301
      6.537911     29.965530     29.965530     59.931060
      6.566524     28.674606     28.674606     57.349211
      6.595136     27.663658     27.663658     55.327317
      6.623748     27.483509     27.483509     54.967019
      6.652361     28.403968     28.403968     56.807935
      6.680973     30.245460     30.245460     60.490920
      6.709585     32.466470     32.466470     64.932941
      6.738197     34.442520     34.442520     68.885040
      6.766810     35.735052     35.735052     71.470105
      6.795422     36.220106     36.220106     72.440212
      6.824034     36.082929     36.082929     72.165857
      6.852647     35.720915     35.720915     71.441830
      6.881259     35.576944     35.576944     71.153888
      6.909871     35.957077     35.957077     71.914153
      6.938484     36.943302     36.943302     73.886603
      6.967096     38.470336     38.470336     76.940671
      6.995708     40.474737     40.474737     80.949473
      7.024320     42.925033     42.925033     85.850067
      7.052933     45.677469     45.677469     91.354937
      7.081545     48.347288     48.347288     96.694576
      7.110157     50.420760     50.420760    100.841520
      7.138770     51.580640     51.580640    103.161281
      7.167382     51.967698     51.967698    103.935396
      7.195994     52.139077     52.139077    104.278154
      7.224607     52.752320     52.752320    105.504640
      7.253219     54.214604     54.214604    108.429208
      7.281831     56.524479     56.524479    113.048959
      7.310443     59.369635     59.369635    118.739269
      7.339056     62.366848     62.366848    124.733697
      7.367668     65.236979     65.236979    130.473957
      7.396280     67.784335     67.784335    135.568669
      7.424893     69.765314     69.765314    139.530629
      7.453505     70.848492     70.848492    141.696984
      7.482117     70.734838     70.734838    141.469676
      7.510730     69.327061     69.327061    138.654121
      7.539342     66.851563     66.851563    133.703126
      7.567954     63.918710     63.918710    127.837420
      7.596567     61.436537     61.436537    122.873074
      7.625179     60.235786     60.235786    120.471572
      7.653791     60.530443     60.530443    121.060886
      7.682403     61.710780     61.710780    123.421560
      7.711016     62.821041     62.821041    125.642082
      7.739628     63.371087     63.371087    126.742173
      7.768240     63.709162     63.709162    127.418323
      7.796853     64.633393     64.633393    129.266786
      7.825465     66.691309     66.691309    133.382619
      7.854077     69.794955     69.794955    139.589909
      7.882690     73.314224     73.314224    146.628448
      7.911302     76.384304     76.384304    152.768608
      7.939914     78.173961     78.173961    156.347922
      7.968526     78.091537     78.091537    156.183073
      7.997139     75.992113     75.992113    151.984227
      8.025751     72.314875     72.314875    144.629749
      8.054363     67.962605     67.962605    135.925211
      8.082976     63.890557     63.890557    127.781115
      8.111588     60.682270     60.682270    121.364541
      8.140200     58.437108     58.437108    116.874217
      8.168813     56.961305     56.961305    113.922609
      8.197425     55.966679     55.966679    111.933359
      8.226037     55.107154     55.107154    110.214308
      8.254649     53.990518     53.990518    107.981035
      8.283262     52.331497     52.331497    104.662995
      8.311874     50.160967     50.160967    100.321934
      8.340486     47.874826     47.874826     95.749652
      8.369099     46.064048     46.064048     92.128096
      8.397711     45.258476     45.258476     90.516953
      8.426323     45.710614     45.710614     91.421229
      8.454936     47.260250     47.260250     94.520500
      8.483548     49.345437     49.345437     98.690873
      8.512160     51.252562     51.252562    102.505124
      8.540773     52.525421     52.525421    105.050843
      8.569385     53.231602     53.231602    106.463205
      8.597997     53.860426     53.860426    107.720852
      8.626609     54.959086     54.959086    109.918173
      8.655222     56.798361     56.798361    113.596721
      8.683834     59.244895     59.244895    118.489791
      8.712446     61.845997     61.845997    123.691994
      8.741059     64.071173     64.071173    128.142347
      8.769671     65.606928     65.606928    131.213856
      8.798283     66.519986     66.519986    133.039971
      8.826896     67.139960     67.139960    134.279920
      8.855508     67.745794     67.745794    135.491589
      8.884120     68.354438     68.354438    136.708876
      8.912732     68.820433     68.820433    137.640866
      8.941345     69.121477     69.121477    138.242954
      8.969957     69.505821     69.505821    139.011642
      8.998569     70.338741     70.338741    140.677482
      9.027182     71.825251     71.825251    143.650503
      9.055794     73.944866     73.944866    147.889731
      9.084406     76.720438     76.720438    153.440876
      9.113019     80.518367     80.518367    161.036735
      9.141631     85.892003     85.892003    171.784005
      9.170243     92.859515     92.859515    185.719029
      9.198856    100.187552    100.187552    200.375105
      9.227468    105.504758    105.504758    211.009516
      9.256080    106.468399    106.468399    212.936799
      9.284692    102.220990    102.220990    204.441981
      9.313305     93.992198     93.992198    187.984395
      9.341917     84.372386     84.372386    168.744773
      9.370529     75.880418     75.880418    151.760837
      9.399142     69.930653     69.930653    139.861305
      9.427754     66.786442     66.786442    133.572884
      9.456366     66.156585     66.156585    132.313171
      9.484979     67.664344     67.664344    135.328689
      9.513591     70.816143     70.816143    141.632286
      9.542203     74.762112     74.762112    149.524224
      9.570815     78.325057     78.325057    156.650115
      9.599428     80.386719     80.386719    160.773439
      9.628040     80.317155     80.317155    160.634310
      9.656652     78.156142     78.156142    156.312284
      9.685265     74.539017     74.539017    149.078033
      9.713877     70.490192     70.490192    140.980384
      9.742489     67.130481     67.130481    134.260961
      9.771102     65.315018     65.315018    130.630036
      9.799714     65.303169     65.303169    130.606338
      9.828326     66.593716     66.593716    133.187431
      9.856938     68.015863     68.015863    136.031726
      9.885551     68.138655     68.138655    136.277309
      9.914163     65.937700     65.937700    131.875400
      9.942775     61.366338     61.366338    122.732676
      9.971388     55.374083     55.374083    110.748165
     10.000000     49.320042     49.320042     98.640083
